

-0.6355157 1.492652 0.05403042 323.7216 262.3624 13.77177
-0.6304743 1.478643 0.0555191 322.2941 261.2491 13.92332
-0.6285334 1.463864 0.05727434 322.4037 260.4573 13.60508
-0.6285791 1.443853 0.06036472 323.7162 259.926 12.7288
-0.6250827 1.420274 0.06189394 325.7234 259.6967 13.55738
-0.6216221 1.396692 0.06558967 327.3782 259.619 14.60247
-0.6171665 1.36778 0.06954908 329.6919 259.93 15.84289
-0.610961 1.337265 0.07411623 331.9497 260.2627 16.7968
-0.6062388 1.306697 0.07638454 334.1448 260.5417 17.5898
-0.595783 1.272123 0.08108187 336.7702 260.9646 18.01537
-0.5807478 1.234148 0.08762383 339.6047 261.5043 17.45466
-0.5685036 1.198957 0.09135723 342.1862 262.0449 16.79579
-0.5522692 1.162167 0.09693289 344.9771 262.6865 15.93035
-0.5277455 1.121512 0.1038146 348.4591 263.4791 15.27649
-0.5023105 1.081382 0.1102273 352.2596 264.0335 15.19836
-0.4762287 1.041873 0.1163135 356.0343 264.5099 15.2257
-0.4403293 1.001838 0.122932 0.5072455 264.9776 15.57972
-0.4063139 0.963324 0.12953 4.765863 265.4634 15.70755
-0.3656414 0.9259821 0.1360214 9.472933 266.0691 15.86183
-0.3215368 0.8928378 0.1410623 13.88764 266.6562 16.17169
-0.276376 0.8600893 0.1473076 18.32997 267.3717 16.19107
-0.22471 0.8310785 0.1529572 23.35243 268.4797 15.95037
-0.1713002 0.8075024 0.1569459 28.07015 269.7247 15.64629
-0.1144565 0.7888338 0.1610398 32.59499 271.0643 15.65171
-0.05764914 0.769847 0.1644289 37.09703 272.4049 15.86932
0.004096508 0.7623638 0.1655288 41.80918 273.9337 16.18466
0.06408942 0.7534645 0.1665914 46.64652 275.4691 16.69433
0.1255357 0.7474433 0.1662612 51.57145 277.0765 17.35467
0.1867999 0.7547961 0.1615696 56.79837 278.2733 17.82597
0.2470696 0.7601503 0.1580637 61.78284 279.9372 18.7185
0.3066698 0.7727275 0.1523945 66.59386 282.0277 19.76223
0.3619195 0.7899111 0.1456659 71.04124 285.7087 22.09944
0.4158306 0.8108349 0.1383801 75.28854 290.7874 26.41207
0.4677662 0.8351022 0.1296613 79.45206 297.5099 32.43997
0.5174934 0.8588803 0.1210647 83.45471 312.8042 46.99762
0.5634142 0.8887705 0.1108406 85.94832 354.0957 87.2934
0.6095198 0.917888 0.1009402 84.57657 46.14838 138.0533
0.6471346 0.9531032 0.08975029 80.99047 63.40836 153.4067
0.6848286 0.9871359 0.07880712 76.82491 71.3357 158.8269
0.7227708 1.021237 0.06777215 72.39678 75.94512 160.6726
0.7554472 1.057366 0.05682778 67.52611 77.81306 159.0644
0.7855043 1.094054 0.04633117 62.44888 78.87714 156.5357
0.8126693 1.131075 0.03590274 57.55144 79.99973 154.5567
0.8364383 1.167353 0.02490449 53.32608 81.765 153.8574
0.8596997 1.203297 0.01324129 49.39334 83.80589 153.5877

-0.717905 1.61722 0.003913879 312.2001 259.1081 11.49161
-0.7169378 1.612022 0.00343442 312.4376 258.2141 13.24884
-0.7175858 1.607021 0.00267911 312.8445 256.7344 13.04897
-0.7183683 1.601341 0.001851797 313.5532 255.5444 12.86502
-0.7191241 1.592705 0.0002574921 314.4482 254.0458 13.98267
-0.7190945 1.583455 -0.0007264614 314.6561 252.664 16.44978
-0.7193162 1.574121 -0.0009915829 315.0097 251.7759 18.04933
-0.7185633 1.562575 0.0002868176 315.2135 251.3005 19.34937
-0.7178073 1.550849 0.002150536 315.3763 251.1013 19.90909
-0.7159693 1.536508 0.005030394 315.4667 251.6369 19.34488
-0.7139189 1.519646 0.008776665 315.7501 252.6801 17.63704
-0.7121794 1.500469 0.01339006 316.3403 253.7694 15.95276
-0.7092836 1.478707 0.01768088 317.1348 254.737 14.53602
-0.7053778 1.457278 0.02206039 317.9571 255.3151 13.95239
-0.7003078 1.42899 0.02675867 319.1797 255.4223 14.54199
-0.6948128 1.402591 0.0307827 320.3116 255.4761 14.89643
-0.6878777 1.3744 0.03508091 321.5981 255.3776 15.38385
-0.6767819 1.339524 0.03982878 323.4509 254.9191 16.42502
-0.6674433 1.306834 0.04411316 325.3126 254.7682 16.90444
-0.6540043 1.26939 0.05002809 327.9507 254.6685 17.06921
-0.6383078 1.230718 0.0556972 330.9839 254.9556 16.87314
-0.6211135 1.189859 0.06228781 334.3928 255.4199 16.66244
-0.5995572 1.147566 0.07069588 338.1699 256.0496 16.79936
-0.5769258 1.106427 0.07924652 341.7754 256.6924 16.8887
-0.5496063 1.063041 0.08827806 346.2424 257.5334 16.68155
-0.5169744 1.019706 0.09848499 351.0959 258.4092 16.47763
-0.4795606 0.9781898 0.1090803 356.0463 259.3353 16.3418
-0.4378555 0.937583 0.1192968 1.484238 260.2347 15.89961
-0.3954461 0.8981137 0.1294415 6.660516 261.2203 15.76118
-0.3459423 0.8639868 0.1385615 12.02201 262.2224 15.6537
-0.2912004 0.8336071 0.1474941 17.57909 262.972 15.47186
-0.2329769 0.8066298 0.1552107 23.21191 263.7857 14.54455
-0.172835 0.785647 0.1601996 28.91145 264.6508 13.28236
-0.1115752 0.7662321 0.1659088 34.84389 265.4034 12.57897
-0.04481316 0.752516 0.1686115 41.08636 265.6767 12.29091
0.02201426 0.745437 0.1678104 47.71279 265.2771 11.8102
0.08988643 0.7398046 0.1678383 54.60472 264.3633 10.53011
0.1611633 0.7474219 0.1625335 62.44347 261.029 7.629096
0.2252642 0.7588501 0.1554325 68.74355 256.1088 3.758076
0.2891513 0.7715686 0.1501553 74.41458 247.8827 356.1115
0.3484151 0.7927287 0.1415927 78.40609 233.0369 341.1998
0.4000926 0.8177389 0.131094 80.9487 210.6057 317.7162
0.4509597 0.8442957 0.121963 81.76687 180.8853 286.4271
0.4985206 0.8736032 0.1132438 80.99178 153.5057 256.8271
0.5461572 0.902473 0.1053002 78.66687 133.1286 234.2142
0.5878357 0.9348349 0.09806561 76.26144 118.4789 216.8154
0.6269754 0.9683124 0.0913105 73.22986 107.9826 203.5556
0.6638569 1.002903 0.08462381 69.39825 101.0373 193.413
0.7009602 1.037573 0.07733679 65.12237 97.2414 186.7882

-0.658453 1.595988 -0.04192567 308.8688 257.3694 4.998053
-0.6573565 1.594786 -0.04214644 308.5866 256.9075 6.52278
-0.6570072 1.594943 -0.0419836 308.4421 256.8354 5.978564
-0.6573627 1.593868 -0.04182529 308.842 257.1301 4.811591
-0.658092 1.592517 -0.04191136 309.2005 257.435 4.523113
-0.6587448 1.591423 -0.04214287 309.4463 257.5558 4.442866
-0.6593473 1.589796 -0.04266882 309.9152 257.2008 5.061369
-0.6601026 1.588367 -0.04332924 310.2618 256.9164 5.692023
-0.6602864 1.587268 -0.04397082 310.4443 256.4739 6.767428
-0.6597514 1.586513 -0.04387665 310.2895 256.2759 7.460623
-0.6591618 1.586057 -0.04368281 309.9795 256.2628 7.787831
-0.6592157 1.585498 -0.04368973 309.8355 256.3616 7.944034
-0.659044 1.584685 -0.04298973 309.7594 256.6708 7.789122
-0.6589494 1.584319 -0.04256916 309.8429 256.9003 7.656996
-0.6594608 1.582935 -0.04194856 310.2126 257.2829 7.047871
-0.6597562 1.581531 -0.04116225 310.4734 257.5599 6.733424
-0.6600718 1.58027 -0.04079056 310.6917 257.8489 6.442837
-0.6600659 1.578728 -0.04018354 310.8145 258.1853 6.038925
-0.6598108 1.577036 -0.03944898 310.8155 258.4241 5.852162
-0.659723 1.575451 -0.03913307 310.8628 258.4785 5.85362
-0.6594384 1.573222 -0.03897166 310.8904 258.2302 6.17793
-0.6592991 1.570403 -0.03865409 311.0237 257.8957 6.595431
-0.6591663 1.567081 -0.03851557 311.2001 257.5824 7.008259
-0.6592505 1.563206 -0.0383532 311.4681 257.3627 7.320431
-0.6588612 1.558308 -0.03784966 311.7344 257.2225 7.519125
-0.6588728 1.553327 -0.037467 312.0223 257.0479 7.677158
-0.6583953 1.546287 -0.03661489 312.2972 256.8187 7.91268
-0.6574488 1.537637 -0.03548169 312.5738 256.5612 8.479408
-0.6564059 1.527266 -0.03428698 312.9795 256.2086 9.28556
-0.6552565 1.516221 -0.03303361 313.4805 255.8123 10.06913
-0.6535945 1.499521 -0.0311656 314.5388 255.2809 11.17895
-0.652323 1.484487 -0.02967763 315.5724 254.8278 11.94756
-0.6502333 1.465273 -0.02739096 316.9974 254.3548 12.45981
-0.6477869 1.44623 -0.02474642 318.2389 254.0621 12.89668
-0.644531 1.420894 -0.0214715 319.951 254.0797 13.39955
-0.6405854 1.397578 -0.01785827 321.4479 254.0573 13.80466
-0.634784 1.370317 -0.01289344 323.1071 254.2018 13.84649
-0.6282194 1.340958 -0.007805347 325.0567 254.4671 13.66049
-0.6210515 1.311474 -0.002352238 327.1033 254.7321 13.5952
-0.6101456 1.275504 0.005498886 330.0559 255.1221 13.49425
-0.59989 1.241831 0.01217389 332.8905 255.4058 13.53613
-0.5861564 1.204078 0.02027369 336.4065 255.7916 13.63632
-0.5695682 1.165374 0.02927995 340.1202 256.1409 13.92264
-0.5530865 1.127193 0.03743839 343.7817 256.4862 14.18986
-0.5305018 1.086961 0.0474174 347.9086 256.8581 14.57598
-0.5041406 1.047679 0.05801678 351.8797 257.2483 14.88871
-0.4747241 1.008909 0.06893206 355.9407 257.6984 15.03607
-0.4415951 0.9711094 0.08059502 0.1689714 258.3628 15.0263
-0.4049389 0.9356561 0.09218216 4.535026 259.2635 14.84714
-0.3668875 0.9010382 0.104733 8.993708 260.1521 14.74466
-0.3228455 0.8689887 0.1172051 13.65708 261.3144 14.44343
-0.2759303 0.8420437 0.1289818 17.90027 262.5588 13.91859
-0.2239232 0.8178393 0.1409144 22.84071 263.9592 13.07728
-0.1716452 0.7942026 0.1519983 27.47917 265.0965 12.04207
-0.111311 0.7815648 0.1605601 32.16999 265.9356 10.44749
-0.0536902 0.7674733 0.169044 36.92434 266.539 10.2165
0.007352114 0.7558109 0.1765971 41.79348 266.8681 10.77555
0.07405448 0.7578959 0.178947 47.87972 266.0401 12.24502
0.1403044 0.760972 0.1819973 54.40079 264.5429 12.41078
0.2063257 0.7641891 0.1852705 60.68675 262.8383 12.12032
0.2692297 0.7791981 0.1835635 66.68509 259.5297 9.977924
0.3307326 0.7992437 0.1826832 71.96217 254.8051 5.574996
0.39185 0.8185491 0.1824062 76.92815 248.2679 358.8387
0.4436247 0.8498749 0.1781971 81.18084 240.5812 349.0031
0.4964459 0.8793962 0.1755252 85.36147 219.5981 326.1604
0.5491213 0.9093949 0.1727436 86.53186 148.8948 253.745
0.5966506 0.9445038 0.1680691 82.97881 108.4691 211.5337
0.6419361 0.9816278 0.1620226 77.92738 98.31028 199.4927
0.6868932 1.018617 0.1558247 72.57797 94.87496 193.708
0.7229065 1.059341 0.14816 66.87755 92.13065 186.7252
0.760788 1.098503 0.1416192 61.59999 90.45106 181.456
0.7914624 1.138205 0.1359284 56.62244 87.6572 174.8285
0.8185345 1.177028 0.1307518 51.79091 85.21805 169.1996

-0.6770804 1.47744 -0.0609076 316.6859 253.5699 11.76291
-0.6733968 1.464375 -0.05905819 316.4339 253.1707 12.21151
-0.6695549 1.449716 -0.05680394 316.4859 252.6437 11.84274
-0.6636846 1.430595 -0.05452776 316.9422 251.9594 11.17624
-0.6591351 1.411803 -0.05237937 317.5439 251.5699 11.71172
-0.6530452 1.386318 -0.04987407 319.0129 251.3331 13.06639
-0.6480486 1.362213 -0.04738736 320.3851 251.1084 13.89803
-0.6411476 1.333647 -0.04387617 322.5512 250.8311 14.67178
-0.6327906 1.302791 -0.03910279 324.9657 250.6214 15.15757
-0.6240251 1.271923 -0.03453469 327.4437 250.5983 15.64634
-0.6140797 1.236738 -0.02978325 330.4243 250.9109 15.97113
-0.6000831 1.200077 -0.02185488 333.5137 251.366 16.00418
-0.5854371 1.161808 -0.01515508 336.9561 252.0107 15.81538
-0.5664465 1.122475 -0.006329536 340.6873 252.7781 15.70548
-0.5438328 1.082466 0.004089117 344.6314 253.5157 15.54316
-0.5205367 1.043207 0.01375294 348.7212 254.2084 15.17806
-0.4911921 1.002527 0.02474594 353.4316 254.9605 14.37931
-0.4576254 0.9630775 0.03644395 358.2639 255.6505 14.15554
-0.4194188 0.9248898 0.0485599 3.462344 256.3103 14.38018
-0.3811612 0.8877901 0.06055093 8.326337 256.9891 14.89745
-0.3326329 0.8571249 0.07309127 13.18743 257.7359 15.25611
-0.2862363 0.8269132 0.08584499 18.10246 258.5383 15.34138
-0.2340379 0.8009301 0.09815025 23.09049 259.3079 14.97376
-0.1797177 0.7802021 0.1090784 28.15418 260.2569 14.80516
-0.1225709 0.7644915 0.1203914 33.39278 261.4291 14.91293
-0.06500697 0.7481296 0.1315241 38.54858 262.7104 14.97069
-0.005386472 0.7409455 0.140238 43.74767 264.4158 15.45119
0.05598319 0.7386537 0.1485722 49.04124 266.139 15.97924
0.1174134 0.736645 0.1564276 54.30642 267.9603 16.48497
0.1779634 0.747714 0.160327 59.7668 269.8889 16.3915
0.238966 0.7549577 0.1650658 65.12091 272.4647 17.21124
0.2981554 0.7672054 0.1680188 70.49844 275.8224 18.86888
0.3528935 0.7903627 0.1662517 75.67194 280.2231 21.78702
0.4066867 0.8136496 0.1646104 80.63766 288.0513 28.55953
0.4611138 0.8367587 0.1632228 85.10516 310.3195 49.78225
0.5067484 0.8678045 0.1587019 86.23325 21.14352 119.3269
0.5559219 0.8964406 0.1554515 82.33336 58.84259 155.4248
0.599188 0.9288034 0.1508546 77.26227 67.99397 162.9657
0.6397454 0.9625649 0.1455805 72.02119 71.90137 165.2258
0.6800287 0.9964701 0.1400106 66.84803 74.85773 166.346
0.7134901 1.031488 0.1330154 61.98663 77.06898 166.3275
0.7431225 1.065894 0.1254702 57.64025 78.86306 165.7244

-0.6893101 1.504083 -0.06177735 313.4165 253.7774 12.53869
-0.6849258 1.49101 -0.06165814 313.1412 252.5053 15.48527
-0.6778421 1.476378 -0.06167197 312.3209 250.0144 18.30133
-0.6693265 1.458211 -0.06193256 311.9653 247.1273 21.14966
-0.6609204 1.438098 -0.06267405 311.951 243.6683 24.93925
-0.6517358 1.414967 -0.06303954 312.6703 240.4255 28.68969
-0.6416509 1.388969 -0.06321669 314.1409 238.2594 31.08629
-0.6335351 1.362849 -0.06294489 315.7312 236.4281 32.79485
-0.6229885 1.332394 -0.06042767 318.0847 235.453 33.3541
-0.6108978 1.299747 -0.05578136 320.5683 235.1708 33.44399
-0.6015627 1.267316 -0.05317521 323.0961 235.1007 33.55463
-0.5880363 1.231205 -0.04643679 326.3561 236.0487 32.95922
-0.5722482 1.193847 -0.0357163 329.6788 237.1392 32.33965
-0.5555112 1.156318 -0.02692389 333.1457 238.5271 31.20149
-0.5345569 1.118915 -0.01619673 336.5463 239.7712 30.00929
-0.5109568 1.082008 -0.003489017 339.8782 240.6024 28.89193
-0.4860218 1.045489 0.008563995 343.5088 241.5641 27.84241
-0.4567437 1.008474 0.02231169 347.7365 242.9578 26.65155
-0.424819 0.9727111 0.03729868 352.2932 244.5706 25.37114
-0.3886025 0.9390875 0.05354118 356.9684 246.359 23.94807
-0.3523242 0.9058266 0.06911612 1.589592 248.0213 23.04914
-0.3108647 0.8769957 0.0855813 6.217478 249.9067 22.50155
-0.2659175 0.851056 0.1021497 10.67992 251.8844 22.12668
-0.2181574 0.8295268 0.1187463 15.1864 253.8799 21.59124
-0.1691334 0.8118637 0.1338801 19.48611 255.8461 21.0973
-0.1191723 0.7948868 0.1491642 24.07148 257.8397 20.86751
-0.06514764 0.7837755 0.1634641 28.94222 259.9117 20.47808
-0.009582281 0.7806742 0.1749046 34.07335 262.1436 20.90746
0.04530263 0.7747937 0.1873786 39.01889 264.4952 21.80249
0.1015031 0.7725528 0.1987886 44.05834 267.0638 22.85931
0.1569108 0.7786077 0.2068701 49.26148 269.7751 23.97534
0.2122164 0.7910535 0.2119346 54.0783 271.8214 25.57171
0.2668397 0.8013434 0.2175393 58.3768 273.8331 27.07677
0.3170972 0.8184128 0.2184982 62.23592 274.8317 27.98086
0.3690239 0.8335329 0.2208877 66.26022 276.8631 29.4681
0.4177696 0.8556341 0.2198849 69.99604 279.3374 31.41431
0.463438 0.8794294 0.2176371 73.82156 284.5801 35.36052
0.509262 0.903802 0.2149127 77.72878 293.8239 42.82526
0.5531703 0.9309626 0.2104776 81.38434 310.3856 57.66465
0.5942245 0.9593421 0.2046595 83.80695 343.6086 89.13319
0.6333833 0.9892821 0.1979473 83.12922 26.25372 129.8484
0.6719756 1.019279 0.1913919 80.04217 50.17411 151.8134
0.7049665 1.050852 0.1835887 76.20367 60.51752 159.9876
0.7347453 1.082322 0.1756489 72.40994 65.60485 162.8095
0.7613135 1.113439 0.1676135 68.87052 68.39979 163.3365
0.7849141 1.143879 0.1598504 65.30102 69.93317 162.4569
0.8088623 1.174157 0.1521366 61.56104 71.49091 161.671
0.8305755 1.203736 0.1445363 57.84187 72.57574 160.4727

-0.6424534 1.241898 -0.02676392 343.1508 256.1168 13.03404
-0.6348548 1.235252 -0.02709913 342.3719 255.3209 13.9656
-0.6276495 1.225861 -0.02846289 342.0072 254.1056 12.97836
-0.6202526 1.213705 -0.03010774 342.6313 253.2709 11.35966
-0.6119597 1.200796 -0.03068519 343.2248 252.5178 11.11819
-0.6019719 1.183303 -0.03101802 344.4655 251.694 11.29059
-0.5910459 1.164171 -0.03129506 346.0316 250.9768 12.12326
-0.578476 1.141891 -0.03009439 347.8492 250.304 13.14469
-0.5638084 1.118159 -0.02771854 349.838 249.7219 13.92426
-0.5477798 1.093339 -0.02394629 352.0207 249.3298 14.21716
-0.5316308 1.068162 -0.02052927 354.2967 249.0441 14.20808
-0.5111582 1.040138 -0.01466656 357.1378 249.0294 13.69911
-0.4887216 1.012107 -0.007249355 -0.003125238 249.1618 13.13864
-0.4636116 0.9834121 0.00125885 3.028722 249.677 12.59816
-0.4379351 0.9553156 0.009934425 6.043604 250.2385 12.21424
-0.4077933 0.9268353 0.02146554 9.446655 251.0383 11.68088
-0.3741941 0.8993834 0.03338337 13.24837 251.9608 10.92007
-0.3402181 0.8719875 0.04499841 16.95853 252.7478 10.34918
-0.2982849 0.847281 0.05909419 21.36474 253.5518 9.855784
-0.2579811 0.8241651 0.07183003 25.55339 254.3813 9.672441
-0.210591 0.8053086 0.08624101 29.72326 255.9005 9.835358
-0.1661503 0.7872075 0.0983026 33.87244 257.0331 9.752408
-0.1188006 0.7718752 0.1113689 38.45876 258.3749 10.03962
-0.0649904 0.7631298 0.123426 43.31599 259.7657 10.45408
-0.01301789 0.7572058 0.1334195 47.82347 261.0836 10.51968
0.03839111 0.7537103 0.1433353 52.29129 262.5211 10.63784
0.09255469 0.7551807 0.151721 56.78925 263.7681 10.39263
0.1453166 0.7610821 0.1574945 61.35327 265.0204 10.35058
0.1969333 0.7723335 0.1620307 66.12638 266.2682 10.53304
0.2495816 0.7817739 0.1672056 70.718 267.5784 10.92233
0.298967 0.7977499 0.1693006 75.19897 268.2529 10.9429
0.3465458 0.8176939 0.1701596 79.54125 269.0095 11.15058
0.3929362 0.8390982 0.1704171 83.79294 271.3266 12.84728
0.4356878 0.8623174 0.1697755 87.91634 289.0649 29.6988
0.4770215 0.8873905 0.1687019 87.38663 60.28628 159.8178
0.5182562 0.9123116 0.167671 83.24372 73.9744 172.3076
0.5544115 0.9397923 0.165396 79.04565 76.24229 172.9401
0.5880361 0.9678444 0.1627569 74.85886 77.36912 172.0246
0.6186368 0.9957137 0.1599355 70.89168 77.79552 169.9347
0.6463596 1.023273 0.1571882 67.19913 77.52016 167.3427
0.6737876 1.050476 0.1543674 63.68768 77.65523 165.558
0.6952454 1.07603 0.1513748 60.9178 77.5612 163.8338

-0.6526659 1.132161 -0.03433776 355.1734 256.1701 11.0764
-0.6456468 1.121022 -0.03216338 355.4382 255.8321 11.85251
-0.6359336 1.10655 -0.02964282 356.2588 255.1124 12.06869
-0.625088 1.090636 -0.02739525 357.2735 254.3763 11.68364
-0.6116767 1.073138 -0.02355862 358.606 253.6608 11.48976
-0.5985713 1.054546 -0.01979113 0.06452225 253.0408 11.49908
-0.582211 1.032925 -0.01571321 2.214188 252.6634 11.31829
-0.5615685 1.006669 -0.008424997 5.137998 252.5382 10.74041
-0.5422447 0.9829707 -0.001736164 7.606082 252.4323 10.48731
-0.5192251 0.9578509 0.006210804 10.38915 252.5368 10.59272
-0.4953983 0.9326342 0.01479197 13.08465 252.6481 10.91675
-0.4667985 0.9063712 0.02542901 15.83016 252.9854 11.7655
-0.4363449 0.8816355 0.03705502 18.61422 253.4684 12.46062
-0.4025922 0.8575852 0.0490098 21.7159 254.2383 12.98205
-0.368758 0.8337034 0.06052065 24.81861 254.917 13.12862
-0.3275479 0.81223 0.07329988 28.63319 255.7382 12.57819
-0.2854643 0.7929608 0.08548951 32.72893 256.6541 12.21718
-0.2433021 0.7737764 0.09753561 36.64977 257.6758 11.85848
-0.1974632 0.7590507 0.1090536 40.72786 259.0381 11.67513
-0.1493623 0.746947 0.1206532 44.75492 260.6781 11.98137
-0.1018301 0.7376821 0.1315408 48.72931 262.3825 12.67539
-0.05202186 0.733187 0.1406186 52.5322 264.2787 13.59639
-0.002052307 0.7344821 0.1482661 56.48393 266.186 14.4543
0.04932547 0.7368877 0.1553142 60.43694 268.0766 14.93792
0.1001078 0.7424245 0.1609347 64.5178 270.0643 15.31158
0.1508926 0.7517716 0.165525 68.59386 272.6048 16.53766
0.1997651 0.7631725 0.1694472 72.56603 276.1935 18.99498
0.2473975 0.778521 0.1723347 76.30766 280.9033 22.73427
0.292871 0.7983427 0.1736932 79.99838 287.054 28.00611
0.338505 0.8169193 0.1753621 83.48961 299.4319 39.56173
0.378067 0.8413755 0.17538 86.27563 331.534 70.94619
0.4177576 0.8653097 0.1759534 85.71577 30.27301 128.5656
0.4570941 0.8894097 0.1765904 82.59535 54.90532 151.8724
0.492144 0.9160414 0.1769087 78.75562 61.97682 156.9724
0.5247378 0.9432808 0.1773324 74.74679 63.98799 156.5101
0.5546851 0.9708139 0.1776767 70.61927 64.58497 154.688
0.5843537 0.9981436 0.1775815 66.59484 65.66602 153.4854
0.6088359 1.025399 0.1770132 62.71159 66.17004 151.5856
0.6305557 1.051539 0.1756098 59.23909 66.96032 150.403
0.6520512 1.077365 0.1738775 55.87854 67.95124 149.481

-0.6882031 1.183463 -0.05011058 351.1055 256.6695 9.735887
-0.6803834 1.171747 -0.04792213 351.4201 256.4467 10.52431
-0.673111 1.160713 -0.04585314 351.7981 256.1089 10.86818
-0.6638348 1.146723 -0.04321027 352.5611 255.5686 11.08479
-0.6546853 1.132209 -0.04059958 353.2145 255.0997 11.50882
-0.6430528 1.112998 -0.03754687 354.4673 254.7774 12.23394
-0.6317592 1.095044 -0.0336473 355.7226 254.573 12.84087
-0.6179454 1.073363 -0.02818942 357.593 254.449 13.25221
-0.6034174 1.051372 -0.0229423 359.4861 254.481 13.20032
-0.5866029 1.027812 -0.01527643 1.56298 254.7838 13.06207
-0.5695817 1.004649 -0.00744915 3.569422 255.1696 13.10047
-0.5496185 0.980288 0.002017498 5.763285 255.9578 13.26297
-0.5272214 0.9549154 0.01258731 8.151039 256.8157 13.41984
-0.5044303 0.9302562 0.0227561 10.56976 257.5353 13.44686
-0.4757578 0.9043896 0.03501701 13.70779 258.3793 13.52619
-0.446048 0.8793215 0.04636335 16.89983 258.981 13.75933
-0.4166467 0.8556142 0.05710864 19.96622 259.5252 14.02524
-0.3824863 0.8322498 0.06842303 23.46652 260.0097 14.41719
-0.3481339 0.8102496 0.07961845 26.86814 260.5512 14.89671
-0.3103986 0.7913499 0.08947659 30.38542 261.0544 15.33712
-0.2701023 0.7736143 0.1001952 33.93989 261.5027 15.60893
-0.2284806 0.759298 0.1105134 37.51161 261.962 15.70165
-0.1864527 0.7479152 0.1194212 41.03282 262.618 15.92397
-0.1423001 0.7385211 0.1287599 44.55169 263.3685 16.36827
-0.09783602 0.7333751 0.1371551 48.14282 264.1964 16.97109
-0.05325472 0.7273 0.1455052 51.63819 265.1244 17.58864
-0.0100131 0.7289308 0.1510289 55.2322 266.1599 18.04618
0.03491783 0.7279558 0.1578412 58.78744 267.4557 18.49713
0.07856989 0.7316071 0.1634231 62.34301 269.3694 18.98704
0.1222016 0.737431 0.1680918 65.85389 272.3567 20.32379
0.1626048 0.7486421 0.1705942 69.13486 276.6524 22.64191
0.2031858 0.7562792 0.1743143 72.1953 281.1728 25.71042
0.2415386 0.7675839 0.1754963 74.76019 286.4348 29.45477
0.2791857 0.7789189 0.1762311 77.19018 292.4341 34.30162
0.3130265 0.7918134 0.1754024 79.38303 297.8114 38.88892
0.3460716 0.8056355 0.173033 81.55357 304.2082 44.26222
0.3772817 0.8198109 0.1703467 83.55527 315.7686 54.36501
0.4091514 0.8339548 0.168364 84.89082 337.1114 74.0323
0.4359782 0.8494816 0.1662285 84.68611 3.84732 98.63508
0.4649689 0.8645553 0.1645548 83.55783 25.47324 118.4462
0.4896098 0.8804876 0.1636562 81.29733 36.45664 127.2691
0.5159762 0.8961143 0.1624379 78.97629 44.62821 133.6503
0.5397885 0.9120658 0.1614652 76.22475 49.89057 137.211
0.5634294 0.9281067 0.15994 73.51766 54.43991 140.3
0.5823853 0.9435609 0.1579289 70.74648 58.51946 143.3539

-0.7148304 1.425928 -0.0440836 333.408 258.9639 8.032415
-0.7123921 1.423168 -0.04249525 332.5751 258.8513 8.840092
-0.7110417 1.418706 -0.04134035 332.6812 258.5509 9.516298
-0.709028 1.410789 -0.03943682 332.5114 258.4847 9.42704
-0.7062161 1.403758 -0.03711557 332.458 258.591 9.365992
-0.7034512 1.392478 -0.03431273 332.8511 258.8763 8.892708
-0.7005131 1.376833 -0.03081799 333.8828 259.1257 8.382977
-0.6967521 1.363032 -0.02745461 334.678 259.2654 8.128265
-0.6926718 1.346912 -0.02379799 335.6439 259.4497 7.963292
-0.6867893 1.324288 -0.01880789 337.1501 259.6664 8.275784
-0.6815755 1.303547 -0.01480317 338.5798 259.7828 8.602297
-0.6739917 1.27841 -0.009865522 340.4879 259.6781 9.437142
-0.6649506 1.251797 -0.004609108 342.4516 259.4583 10.44063
-0.654886 1.223414 0.0006785393 344.548 259.2277 11.55005
-0.6439121 1.195355 0.006556988 346.5846 259.0873 12.40605
-0.6296108 1.164325 0.01341176 348.86 259.0622 13.00988
-0.6150568 1.133521 0.02068377 351.2498 259.1443 13.53224
-0.5967481 1.099601 0.02920222 354.1794 259.4498 13.78564
-0.5739708 1.064128 0.03831244 357.6107 259.9251 13.71806
-0.5516579 1.030467 0.04787302 0.7943244 260.2631 13.95024
-0.5252292 0.9955056 0.05777216 4.353588 260.6331 14.18868
-0.495851 0.9616862 0.06749868 7.918479 260.9576 14.57125
-0.4652002 0.9284114 0.07810092 11.57643 261.2856 15.03322
-0.4294977 0.8955131 0.08884668 15.53292 261.6238 15.59134
-0.39136 0.865628 0.09857035 19.49099 261.958 16.24927
-0.3518696 0.8361884 0.1095815 23.49922 262.3195 17.04724
-0.3046911 0.8106794 0.1199183 27.82241 262.5948 17.75069
-0.2588563 0.788211 0.1289854 31.79077 262.9526 17.92086
-0.2122678 0.7665039 0.1389909 35.83874 263.4248 18.17735
-0.1612847 0.7491558 0.1482155 39.90452 264.0751 18.29664
-0.1098481 0.7363656 0.1561661 44.09219 264.9765 18.43866
-0.05665886 0.7279487 0.1640241 48.39912 266.073 18.60812
-0.002158046 0.7217116 0.1712258 52.5968 267.3934 18.93815
0.05098903 0.7202857 0.1770527 56.69302 269.0346 19.39763
0.1037564 0.721367 0.1825728 60.79733 271.0235 20.25223
0.1579771 0.7235748 0.1878695 64.83186 273.6264 21.74125
0.2098031 0.7360203 0.1900783 68.90022 276.6552 23.16111
0.2611381 0.746725 0.1924138 72.86726 280.7123 25.94239
0.3112024 0.7623098 0.1932375 76.4511 286.376 30.46759
0.3577294 0.7802356 0.1931221 79.6361 294.8991 38.0559
0.4030117 0.7999563 0.1919944 82.30991 309.2972 51.19947
0.4462105 0.8219948 0.1900575 83.97182 334.6007 74.86197
0.4859277 0.8451105 0.1877131 83.75317 7.914329 106.4069
0.5270152 0.8686424 0.185147 81.89989 32.69529 129.4747
0.5634527 0.8949088 0.1810777 79.18027 46.99777 141.8968
0.5979832 0.9219714 0.1760414 76.19574 56.32777 149.3537
0.63042 0.9495173 0.1702259 73.01983 63.21265 154.3866
0.6606513 0.9771234 0.1638193 69.6329 68.63647 157.9422
0.6888009 1.004767 0.1570971 66.01509 72.73825 160.0523
0.716579 1.032213 0.1505141 62.33914 75.69621 161.0937
0.7397357 1.059054 0.1435735 58.60892 78.04222 161.6278
0.7603607 1.084677 0.1366022 55.0451 80.1311 162.111
0.778423 1.108833 0.1297143 51.66292 82.03223 162.977
0.7960051 1.13272 0.1227894 48.45191 83.83206 163.9849
0.8085238 1.152927 0.1161034 45.91206 85.63046 165.7431

-0.6967263 1.685017 -0.08296371 312.4489 259.2289 6.6156
-0.6976557 1.673053 -0.08125138 312.7713 259.1221 7.348444
-0.6991966 1.658617 -0.0794034 313.5073 258.7688 7.806
-0.7013562 1.642031 -0.07812357 314.7079 258.3035 8.506208
-0.7029903 1.62528 -0.0766573 315.7765 257.8342 9.268133
-0.7041278 1.604373 -0.07465267 317.1146 257.3149 10.03573
-0.7065232 1.580831 -0.07309842 318.7451 256.9593 10.66061
-0.7076983 1.557535 -0.07049704 320.3441 256.6985 11.19044
-0.7080698 1.527431 -0.06604099 322.5803 256.7761 11.49941
-0.7089281 1.499956 -0.06264257 324.5248 256.9055 11.79906
-0.7078626 1.468358 -0.05743313 326.5488 257.3623 11.90284
-0.7053804 1.435152 -0.05091786 328.476 257.952 11.87973
-0.701463 1.399842 -0.04449296 330.612 258.4576 11.89977
-0.6965408 1.364569 -0.03809118 332.9022 258.6534 12.17037
-0.6873715 1.322761 -0.03085732 335.9191 258.3396 12.85014
-0.6789057 1.282818 -0.02428436 338.874 258.1429 13.40905
-0.6652911 1.239482 -0.01612139 342.4815 257.7427 14.09088
-0.6516025 1.196943 -0.008880377 345.9111 257.5984 14.60575
-0.6328895 1.150939 0.0005400181 350.0051 257.5603 15.40772
-0.6109259 1.105052 0.01095009 354.1777 257.7775 16.24354
-0.5846422 1.060067 0.02176809 358.3278 258.1682 17.05648
-0.5542457 1.015215 0.03396511 2.692045 258.5166 17.73539
-0.5230577 0.9712389 0.0459137 6.97505 258.8594 18.36548
-0.4844787 0.9299335 0.05804491 11.45937 259.1169 18.88677
-0.4415193 0.8900885 0.07069325 16.05473 259.4489 19.1134
-0.3938026 0.8544669 0.08414745 20.90697 260.0111 19.11461
-0.3474429 0.820385 0.09601855 25.59912 260.7058 19.10404
-0.2927746 0.7916352 0.1089458 30.39734 261.65 19.16379
-0.2354972 0.766404 0.1211455 35.10889 262.8705 19.35157
-0.1764659 0.746489 0.1323674 39.90269 264.0458 19.11275
-0.1143265 0.730796 0.1423624 44.63663 265.4813 19.05959
-0.05293012 0.7178609 0.151798 49.37273 266.9649 19.2618
0.01053417 0.7134524 0.159128 53.99942 268.6486 19.40524
0.07488084 0.7157907 0.1644516 58.77372 270.5975 19.46787
0.1396854 0.7165555 0.1700211 63.54435 273.0646 20.35678
0.2030541 0.73189 0.1709492 68.55768 275.8597 22.12975
0.2657617 0.7430559 0.1728196 73.44941 279.3191 24.6289
0.3271823 0.7622471 0.1720061 78.31305 283.6342 28.55047
0.3825724 0.7890004 0.1680691 82.94236 291.3969 36.05101
0.4374796 0.8145288 0.1651728 86.71806 323.9138 67.56622
0.4918724 0.8405607 0.1623638 86.07265 42.79636 145.4324
0.5388473 0.8713402 0.1580222 82.18357 64.79578 165.7872
0.5863178 0.9022071 0.1536226 77.95246 72.23766 171.2865
0.62731 0.9372014 0.1480131 73.8801 74.36932 170.422
0.6610461 0.9739403 0.1421168 70.02008 73.68195 166.3391
0.6978619 1.00889 0.1363218 66.03719 74.70724 164.6707
0.7314956 1.044152 0.1299126 62.1144 75.89262 163.0694
0.7547776 1.07905 0.1225829 58.3764 77.00051 161.3805
0.7783056 1.112396 0.1152387 54.82947 78.26278 160.5327
0.8016186 1.145043 0.107769 51.4547 79.49844 159.8965
0.8184315 1.174351 0.1004603 48.67853 80.46519 159.6737
0.8324482 1.20098 0.09339499 46.32993 81.37022 159.6589
0.8439414 1.224771 0.08668375 44.3327 82.27357 159.9309
0.8534551 1.245764 0.08025885 42.5638 83.36056 160.4182
0.8634058 1.266534 0.07388902 40.73033 84.47615 160.7348
0.8694822 1.281939 0.06838965 39.37217 85.62849 161.2456
0.8762285 1.29742 0.06315947 37.91935 86.66339 161.3803

-0.7171533 1.357194 -0.06948233 338.8796 259.6214 8.297341
-0.7115271 1.334303 -0.0662806 339.8932 259.3399 9.892506
-0.704118 1.309293 -0.06293797 341.11 258.5417 11.71374
-0.6958282 1.281196 -0.05991364 342.8517 257.3596 13.54561
-0.6871808 1.253422 -0.05712128 344.6647 256.4278 14.94872
-0.6742215 1.218222 -0.05250549 347.6089 255.3628 16.06201
-0.6620469 1.185583 -0.04737902 350.3088 254.7617 16.92065
-0.6482189 1.150994 -0.04144692 353.2801 254.288 17.4566
-0.6285017 1.112089 -0.03315234 356.7439 254.5067 17.08895
-0.6079762 1.074023 -0.02340508 0.05320035 254.9054 17.18839
-0.5866644 1.037199 -0.01330233 3.199143 255.2725 17.67149
-0.5600157 0.9987579 -0.001303434 6.641751 256.0068 18.20941
-0.5292788 0.9613787 0.01164103 10.23202 256.64 18.49495
-0.4988399 0.924966 0.02434683 13.84903 257.129 18.65099
-0.4577167 0.8895494 0.03876281 18.4209 257.8906 18.32745
-0.4197266 0.8547375 0.05172777 22.52907 258.559 18.27331
-0.3730741 0.8249692 0.06450534 27.01221 259.0897 18.26419
-0.3279954 0.7959484 0.0774796 31.3581 259.6133 18.55492
-0.277508 0.7706937 0.09011149 35.65784 260.1342 19.0341
-0.2254339 0.750517 0.1015353 39.88664 260.8308 19.2384
-0.1724906 0.7304505 0.1137447 44.11965 261.7739 19.53565
-0.115905 0.7191006 0.1248944 48.44428 263.1404 19.79033
-0.05912185 0.7121123 0.13381 52.68536 264.5977 19.58396
0.0001143217 0.7084655 0.1427135 56.93613 266.3293 19.09236
0.05770707 0.7081348 0.1508329 61.29258 268.5786 19.42857
0.1162606 0.713833 0.1579235 65.68228 272.0472 20.88827
0.17529 0.7237858 0.1636438 70.10122 276.4288 23.47751
0.2313993 0.7392141 0.1671076 74.47094 281.6685 27.33278
0.2865965 0.7526701 0.1716051 78.55756 289.3168 33.74939
0.3392479 0.7736032 0.1732426 82.15983 303.3551 46.73042
0.3898426 0.7969176 0.1742475 84.49519 333.8674 76.21504
0.4357815 0.8215485 0.1752973 84.12177 15.64748 116.7857
0.4800009 0.8481836 0.1750476 81.54866 39.27937 138.9422
0.5211352 0.8764806 0.1740637 78.39223 49.39705 147.1055
0.5619838 0.9045434 0.1730871 74.98757 55.16725 150.8093
0.5972323 0.9350983 0.1710799 71.42387 57.60739 150.8039
0.630187 0.9659585 0.168292 67.70125 60.05527 150.9126
0.6607184 0.996827 0.1645985 63.89078 62.87686 151.4103
0.6885877 1.027317 0.1602709 60.14372 65.50323 151.9534
0.7134468 1.056926 0.1555824 56.57462 67.66763 152.3515
0.7378922 1.086091 0.1509337 53.11008 69.40592 152.3593

-0.5593722 0.9438931 -0.04136467 11.57801 253.7273 10.89128
-0.5469949 0.9330326 -0.03884649 12.2308 253.3583 12.53025
-0.5351861 0.9231926 -0.03646564 12.92652 252.7834 12.95576
-0.5217373 0.9107221 -0.03326726 13.89977 252.1317 13.14507
-0.5028512 0.8948838 -0.02873874 15.30583 251.3495 13.44189
-0.4831665 0.8794513 -0.02244616 16.41249 251.0105 13.57465
-0.4606845 0.8626727 -0.01397419 17.63419 251.1596 13.15279
-0.4391625 0.8478352 -0.006438732 18.81929 251.5379 12.81103
-0.411114 0.8297253 0.005545139 20.50341 252.4548 12.30489
-0.3796465 0.8104461 0.01916099 22.61146 253.6107 11.55589
-0.3456247 0.7914923 0.03441739 25.28711 254.9405 10.75567
-0.3100035 0.7734145 0.0494864 28.25328 256.4099 10.33532
-0.2668079 0.7535654 0.06754923 32.42421 258.5194 10.54347
-0.2162514 0.7359461 0.08696723 37.58403 260.4514 11.17081
-0.1683269 0.7206724 0.103498 42.04849 261.9591 11.53462
-0.1135125 0.708472 0.1200686 47.07459 262.957 12.10708
-0.0571959 0.7020119 0.1344674 51.92851 263.5093 12.40747
-0.001103163 0.697821 0.1496973 56.98384 264.7623 13.46712
0.05793738 0.7009836 0.1624079 62.51493 266.9706 15.40958
0.1189374 0.7070623 0.1775782 68.10329 271.3421 19.06208
0.1762354 0.7193803 0.1907694 73.37342 278.777 25.4596
0.2354317 0.7368752 0.2036309 77.79295 292.3863 37.26286
0.2904232 0.7591875 0.2137463 80.82271 312.9197 55.82943
0.3417356 0.7885342 0.2209742 81.98409 343.6542 84.53128
0.3936787 0.8141994 0.2296734 80.51762 14.57492 113.6202
0.4414713 0.8496932 0.2344489 76.61007 31.94068 128.9146
0.4891214 0.8822961 0.239423 72.15206 42.4318 137.6182
0.5327623 0.9192492 0.2418828 67.19044 48.63757 142.1505
0.5691867 0.959429 0.2410717 61.92101 53.05313 144.8756
0.6077536 0.9976273 0.2412579 56.72341 56.39433 146.1536

-0.7493625 1.328261 -0.1109219 339.3016 252.949 9.486199
-0.7459879 1.318462 -0.1098824 339.3285 252.9048 9.858377
-0.7414181 1.308922 -0.1083951 339.2625 252.7423 10.22806
-0.7361476 1.294059 -0.1070173 339.8951 252.1817 10.96678
-0.7303836 1.276867 -0.1060863 340.8895 251.3722 11.91908
-0.7222688 1.254441 -0.103966 342.3876 250.0991 12.97642
-0.715297 1.234528 -0.1016288 343.5836 249.3172 13.6226
-0.7064564 1.210562 -0.09819651 345.3012 249.0008 14.21019
-0.6979179 1.186136 -0.09348226 346.9699 248.9251 14.85906
-0.6866252 1.15721 -0.08567214 349.2406 249.4246 15.26711
-0.6736 1.127096 -0.0766139 351.6318 250.0562 15.20815
-0.6583757 1.095082 -0.06633615 354.1707 250.7824 14.93838
-0.6403823 1.062253 -0.05477428 356.7538 251.6046 14.70932
-0.6197827 1.028723 -0.04163384 359.4373 252.2941 14.72998
-0.5982282 0.9952784 -0.0292275 2.257195 253.0021 14.72317
-0.5703731 0.9606843 -0.01448107 5.580613 253.7301 14.58409
-0.5395613 0.9260652 0.0005984306 9.000577 254.4547 14.29624
-0.5041072 0.8918532 0.01745439 12.97257 255.4425 14.32864
-0.4683335 0.8571658 0.03346324 17.07212 256.4848 14.53886
-0.425323 0.8261914 0.05068445 21.14466 257.8289 14.59578
-0.3779701 0.7974716 0.06905603 25.52872 259.235 14.90353
-0.326656 0.7706082 0.08751535 30.1257 260.7932 15.32299
-0.272053 0.7481811 0.1053498 35.04119 262.3931 15.75715
-0.2134094 0.7307372 0.122462 40.33752 264.0884 16.31274
-0.1546531 0.7130641 0.1391973 45.33035 265.8915 17.18075
-0.09178734 0.704443 0.153846 50.28709 267.7615 18.43166
-0.02790391 0.7036806 0.1666043 55.33448 269.6758 19.76281
0.03842592 0.7053971 0.1791468 60.27544 272.149 21.26352
0.1023244 0.7087368 0.1906834 65.20068 276.1605 24.43404
0.1669495 0.7239949 0.1998022 70.46423 282.5937 30.08583
0.2326219 0.7419555 0.2080605 75.5425 293.2235 39.77806
0.2943342 0.7648925 0.2145643 79.56924 312.8499 58.25149
0.3545951 0.7895324 0.220058 81.31091 344.704 88.89889
0.4116908 0.820973 0.2227502 79.89215 15.63641 118.3646
0.4605504 0.8575127 0.2237041 76.50969 34.02413 135.0448
0.5098552 0.8938309 0.2237236 72.20399 44.6961 143.9162
0.5570219 0.9306322 0.2230914 67.57052 51.27774 148.6342
0.597093 0.9695989 0.2204323 62.89038 54.81458 149.8837
0.6376015 1.008451 0.2176805 58.2512 57.52026 150.2505
0.6700673 1.048908 0.2130072 53.75683 58.79522 148.6632

-0.7296166 1.676081 -0.1303492 311.5659 253.9375 6.934002
-0.729732 1.66661 -0.1276891 311.1486 254.1205 8.513619
-0.7299039 1.658409 -0.1256304 311.0526 253.7447 10.12459
-0.7321835 1.641871 -0.1235478 312.1737 252.8018 11.61578
-0.7347353 1.624668 -0.1219614 313.7455 251.9828 12.67932
-0.7379847 1.60509 -0.1200316 315.625 251.4939 13.10089
-0.740387 1.585758 -0.1173868 317.1823 251.4072 13.40879
-0.7432029 1.561316 -0.1137381 319.3485 251.6653 13.28229
-0.7469938 1.53449 -0.1104863 321.569 251.9875 13.21362
-0.7486131 1.50614 -0.1046574 323.6032 252.3077 13.49414
-0.7497118 1.477919 -0.09933972 325.5775 252.6042 13.8935
-0.7493436 1.446027 -0.09282279 327.5139 252.9944 14.40405
-0.748286 1.414416 -0.08568358 329.3113 253.3308 14.85734
-0.7447999 1.378569 -0.07747674 331.2703 253.7677 15.15368
-0.7382147 1.340516 -0.06759119 333.6309 254.1168 15.25458
-0.7307947 1.299842 -0.05809021 336.4622 254.3618 15.26548
-0.7212431 1.256997 -0.04807806 339.893 254.6959 15.38294
-0.7095101 1.214575 -0.03661513 343.4274 255.0782 15.69866
-0.6916473 1.166117 -0.02364445 347.977 255.4783 16.27582
-0.674639 1.121297 -0.01180124 351.9016 255.8116 16.84828
-0.6519868 1.074253 0.00150609 356.2375 255.9853 17.52496
-0.6279275 1.028204 0.0155158 0.4866082 256.2943 18.29101
-0.59287 0.9830579 0.03099608 5.173839 256.747 19.44178
-0.5568273 0.9394271 0.04692984 9.705863 257.167 20.38871
-0.5203192 0.8981385 0.06171179 14.10888 257.7097 20.85709
-0.4756677 0.858888 0.0781405 18.67507 258.4012 21.18038
-0.4261994 0.8234596 0.09529161 23.51419 259.4158 21.48544
-0.374045 0.7925723 0.110023 28.46229 260.398 21.34052
-0.3206013 0.7628313 0.1259654 33.49478 261.4538 21.47556
-0.2604675 0.73893 0.1408792 38.5573 262.7063 21.25995
-0.1990149 0.7216119 0.1543403 43.51876 264.2608 21.46502
-0.1342834 0.7103845 0.1667142 48.54779 266.1369 22.11338
-0.06768203 0.7033054 0.1774738 53.39134 268.1136 22.87963
-0.003596544 0.6978236 0.1873002 58.18303 270.1278 23.85554
0.06428695 0.7009882 0.1943302 63.19876 272.0146 24.81065
0.1310378 0.7100536 0.199137 68.77344 274.1146 26.19663
0.1953584 0.7231696 0.2014494 74.67996 277.3672 29.08145
0.2590523 0.7407635 0.2030132 80.6488 283.0105 34.75385
0.320554 0.7624516 0.2029829 86.19013 304.5456 56.23448
0.3758682 0.7877162 0.2007425 86.72308 48.35363 159.4621
0.4321401 0.8131465 0.1990981 81.85859 75.11081 185.4504
0.4805272 0.8438252 0.1946239 77.27019 82.36107 191.4339
0.529012 0.8735595 0.190449 72.8405 85.65142 193.2362
0.5635544 0.9059759 0.1834166 69.70763 87.11534 192.2883
0.6038554 0.9373528 0.1778619 66.11545 88.05452 191.2121
0.6363394 0.969654 0.1712885 63.23119 87.93716 188.6558
0.6656087 1.001689 0.164598 60.43657 87.36404 185.503
0.6917208 1.032881 0.1578541 57.68071 86.60011 181.9907
0.7180518 1.063644 0.1510284 54.74528 86.24055 178.9892

-0.7366993 1.392759 -0.06114554 334.6641 252.4791 10.04035
-0.7369428 1.402269 -0.06444001 333.3676 252.2899 10.47778
-0.7371066 1.405648 -0.06638098 333.5199 251.8038 11.85591
-0.7369845 1.408405 -0.06764603 333.3537 251.4762 12.27534
-0.7368009 1.410008 -0.06924605 333.2181 251.3292 12.49931
-0.7364647 1.409226 -0.06958079 333.0962 251.2814 12.60937
-0.7358363 1.408656 -0.06993079 332.9708 251.2713 12.6318
-0.7349045 1.405046 -0.06977129 332.8824 251.4374 12.28915
-0.7331784 1.399472 -0.06861615 332.8812 251.7008 11.75571
-0.7311921 1.391462 -0.06702113 332.9968 252.0059 11.21292
-0.7292728 1.381353 -0.06513572 333.4113 252.2653 10.8682
-0.7267041 1.371214 -0.06303334 334.02 252.5036 10.55907
-0.7237654 1.355894 -0.06028461 335.1732 252.7727 10.39088
-0.7205632 1.338356 -0.05727506 336.6198 252.9418 10.51825
-0.7162805 1.318548 -0.05392313 338.3362 253.0368 10.79663
-0.7117925 1.298904 -0.05062723 339.8983 253.0784 11.05164
-0.7047822 1.273059 -0.04618263 341.8998 252.8962 11.71307
-0.698328 1.249497 -0.04213405 343.7104 252.8067 12.26098
-0.6895125 1.221943 -0.03688049 345.8403 252.6449 13.12233
-0.6789203 1.193085 -0.03121972 348.0371 252.5379 13.89555
-0.6665113 1.162458 -0.02405477 350.5627 252.4792 14.54966
-0.6540642 1.131998 -0.0169313 353.071 252.5175 15.01838
-0.6381991 1.099164 -0.00845933 355.7903 252.7419 15.22041
-0.6191363 1.065215 0.002105713 358.7809 253.0784 15.44122
-0.6003001 1.031577 0.01211834 1.765287 253.4248 15.64265
-0.5746391 0.9959993 0.02436805 5.351986 254.0075 15.59352
-0.5473232 0.9617249 0.03751349 8.997971 254.6184 15.71859
-0.5200975 0.9275556 0.05007696 12.51176 255.1936 15.97365
-0.487211 0.8948579 0.0640645 16.2814 255.8728 16.2311
-0.4541037 0.8623021 0.07786512 20.01609 256.7093 16.45861
-0.415621 0.8325049 0.09240675 24.02427 257.8723 16.59611
-0.373471 0.8041759 0.1073816 28.24373 259.1379 16.55685
-0.328567 0.779331 0.1219826 32.44051 260.4188 16.4857
-0.2812908 0.7569891 0.1359601 36.49336 261.803 16.57531
-0.2324989 0.7388786 0.148669 40.57833 263.199 16.7925
-0.1812572 0.7249721 0.1608613 44.90324 264.6719 17.10267
-0.1299556 0.7105412 0.1728916 49.10038 266.3161 17.62883
-0.07702613 0.7033172 0.1827755 53.24908 268.3205 18.46661
-0.02465975 0.6977295 0.192461 57.36964 270.7108 19.75837
0.02886331 0.6977499 0.2002876 61.25701 273.7969 21.53981
0.08242989 0.7045675 0.2060499 64.95583 277.8614 23.95745
0.133976 0.7099757 0.2117794 68.69222 282.9783 27.69751
0.1836532 0.7199543 0.2159581 72.22494 289.7082 33.10583
0.2329686 0.7328795 0.2185769 75.51939 299.2755 41.71354
0.2792308 0.7485458 0.2199748 78.11477 312.6638 54.29041
0.3251929 0.7637138 0.2215669 79.74593 330.5856 71.37521

-0.7236755 1.586954 -0.100698 320.4175 249.2533 15.33638
-0.7234182 1.578636 -0.09824395 320.6794 249.5647 15.6491
-0.7233803 1.565591 -0.09552169 321.3907 249.7185 16.07655
-0.7237489 1.550433 -0.09245443 322.3104 249.7482 16.05735
-0.7242906 1.533112 -0.08946514 323.5594 249.8556 15.8974
-0.7244399 1.515651 -0.08633351 324.764 250.043 15.7723
-0.7238185 1.491443 -0.08222532 326.5258 250.4247 15.19328
-0.7236738 1.469294 -0.078686 328.2186 250.7369 14.71318
-0.722744 1.445158 -0.07447433 330.1396 251.0473 14.23623
-0.719914 1.414218 -0.06895924 332.6554 251.4514 14.00846
-0.7174954 1.386013 -0.06417942 334.8084 251.7929 13.97563
-0.7126341 1.353821 -0.05821943 337.1693 252.1103 14.3482
-0.7059374 1.320098 -0.05159903 339.5447 252.2758 14.71983
-0.6973152 1.284768 -0.04463243 342.1531 252.3799 15.01501
-0.6883147 1.249482 -0.03759027 344.7569 252.5583 15.2226
-0.6736512 1.209415 -0.02868724 347.7748 252.812 15.32998
-0.6592231 1.17136 -0.01952171 350.7268 253.0886 15.3955
-0.6409886 1.13062 -0.009623766 354.0491 253.4732 15.30767
-0.6193063 1.0896 0.0009140968 357.6166 253.9388 15.28757
-0.5963829 1.049142 0.01231813 1.251517 254.3847 15.38853
-0.5683286 1.007251 0.02442551 5.369043 254.8813 15.67309
-0.5366724 0.9667714 0.03671908 9.539498 255.2505 16.11678
-0.5010526 0.9274756 0.04978251 13.78721 255.6738 16.41239
-0.461894 0.8898401 0.06318951 18.01919 256.3201 16.71152
-0.4222686 0.8533394 0.07663012 22.18592 257.0727 16.88563
-0.3733248 0.8243878 0.08996844 26.471 258.0724 16.55449
-0.3267928 0.7935694 0.1033025 30.62127 258.9941 16.48074
-0.2751088 0.7692322 0.1157558 34.85386 260.076 16.29761
-0.2226725 0.7460287 0.128346 39.22448 261.2377 16.30587
-0.1622946 0.7317484 0.1393085 43.83807 262.556 16.06428
-0.1057467 0.7163117 0.149739 48.32638 263.8147 15.93745
-0.04520082 0.7095411 0.1586423 52.93209 265.1936 15.65426
0.01524305 0.7021981 0.1675553 57.40624 266.7485 15.63582
0.07720613 0.7078364 0.1728475 62.02947 268.7794 15.83786
0.1375995 0.7106832 0.1791787 66.7955 271.3036 16.98803
0.1982661 0.7250741 0.182802 71.81332 275.105 19.73903
0.2547849 0.7399344 0.1857624 76.48376 280.1974 24.11101
0.3126549 0.7516072 0.1895161 80.86582 289.5663 32.55718
0.366155 0.7739446 0.1896267 84.4853 307.5609 50.06908
0.4117973 0.801166 0.1873386 86.34468 346.9893 89.00636
0.4606943 0.8242292 0.1866524 84.95461 37.71188 138.8844
0.5045244 0.8523347 0.1841471 81.81437 56.28718 156.1917
0.5449785 0.8815048 0.1811047 78.14397 63.6302 161.9532
0.5826586 0.9118525 0.1775298 74.38773 67.2922 163.6694
0.6202756 0.9418193 0.1739933 70.62408 69.84728 164.2473
0.6484839 0.9732335 0.1692712 67.00551 70.57411 162.5274
0.6796691 1.003537 0.1649084 63.3681 71.73407 161.5208
0.7047598 1.033328 0.1602037 59.85601 72.19146 159.5818
0.726822 1.061964 0.1555192 56.48489 72.50197 157.5388

-0.7315683 1.355433 -0.08378196 343.9372 255.6808 12.64106
-0.7275736 1.336413 -0.07761788 344.4419 256.0773 13.04541
-0.7224536 1.316425 -0.07127905 345.7119 256.2381 13.49055
-0.7169187 1.29137 -0.06509352 347.6856 256.2238 13.96883
-0.7099321 1.263501 -0.05891037 350.1184 256.0826 15.04898
-0.7006922 1.234001 -0.05189633 352.6024 255.8334 16.20219
-0.6913128 1.205608 -0.04561257 354.7933 255.75 17.02324
-0.6780944 1.17142 -0.03760767 357.426 255.6496 17.84715
-0.6654499 1.139897 -0.02919888 359.8044 255.8127 18.41259
-0.6491313 1.106607 -0.01984453 2.149368 256.2843 18.78691
-0.6305201 1.072239 -0.009177208 4.592986 256.7947 19.03783
-0.6088526 1.037551 0.002513647 7.28403 257.3982 19.28638
-0.587127 1.003335 0.01369381 10.0274 257.9077 19.5778
-0.5599074 0.9672634 0.02637959 13.34251 258.5536 19.55275
-0.5283568 0.9317673 0.04020786 16.95812 259.2427 19.57316
-0.4946153 0.8975518 0.05342102 20.63094 259.9431 19.79095
-0.4600117 0.863535 0.06661034 24.35211 260.653 19.94023
-0.4182947 0.8321462 0.08057022 28.44199 261.408 20.0446
-0.3746588 0.8037801 0.09309983 32.34988 262.2842 20.25644
-0.3272061 0.7778584 0.1059964 36.347 263.0633 20.41506
-0.279953 0.7524446 0.1182451 40.26094 263.8448 20.51125
-0.2255402 0.7358775 0.1287658 44.48632 264.6726 20.30864
-0.1728368 0.7169806 0.1398962 48.60396 265.5218 20.49746
-0.1168234 0.7065574 0.1495256 53.04784 266.6377 20.70033
-0.05970526 0.6992306 0.158035 57.34259 268.0812 21.36443
-0.001122832 0.6953969 0.1660569 61.64876 269.7526 22.33825
0.05616558 0.6980015 0.1723957 66.01611 271.7505 23.6644
0.1126531 0.7000318 0.1786461 70.32887 274.3853 25.47203
0.1690311 0.7108865 0.1824958 74.78304 278.4081 28.31012
0.2246256 0.724231 0.185358 79.04287 285.5534 34.01031
0.2763119 0.74064 0.1874762 82.75593 299.2323 46.13501
0.3257149 0.7610705 0.1879537 85.3538 330.2184 75.45625
0.3751255 0.780364 0.1887009 85.24581 20.84654 124.4182
0.4163595 0.8055444 0.1886292 82.68107 47.38812 149.1647
0.4599044 0.8287928 0.1881371 79.42689 59.07343 159.106
0.4967438 0.8552016 0.186605 76.25736 63.5392 161.481
0.5306416 0.8813494 0.1850421 73.23122 65.38502 161.0914
0.5649961 0.9073302 0.1833491 70.16268 67.01739 160.5973
0.5935812 0.9341832 0.1810508 67.23538 67.47059 158.8424
0.619543 0.9605389 0.1783733 64.25758 68.03963 157.1589
0.6431226 0.9862734 0.1754458 61.21336 68.5901 155.4798
0.6643121 1.010925 0.1723871 58.16942 69.07478 153.7608
0.6854951 1.035022 0.1691782 55.23015 69.73415 152.3125
0.6991979 1.055252 0.165915 52.74936 70.01958 150.9938
0.7153547 1.075891 0.1625681 50.33656 70.56189 149.9296
0.7267818 1.092646 0.1595826 48.45166 70.90609 149.201
0.7385131 1.109074 0.1566544 46.67817 71.259 148.5234
