
-0.7137971 1.191154 -0.05807495 358.4165 256.0222 13.82121
-0.7087576 1.178614 -0.0543294 358.8498 256.1032 14.41596
-0.7017996 1.162284 -0.0496664 359.9206 256.05 14.50635
-0.6955469 1.14764 -0.0457809 1.303555 255.981 14.61444
-0.6868222 1.127921 -0.04100251 3.316557 255.9167 14.66035
-0.676753 1.107123 -0.03628874 5.435318 255.8588 14.99966
-0.6648121 1.084371 -0.03081179 7.67467 255.585 15.46979
-0.6526279 1.062217 -0.02534819 9.77427 255.2575 15.86684
-0.636265 1.036979 -0.01917768 12.01158 254.8838 16.35925
-0.6204882 1.01312 -0.011971 14.04529 254.7935 16.81205
-0.6017969 0.9876894 -0.003603697 16.07091 254.9858 17.24164
-0.5817275 0.9628083 0.004812241 18.13402 255.3195 17.46319
-0.5600059 0.9378849 0.01441979 20.30838 255.5853 17.61805
-0.5355911 0.9121804 0.0246563 22.48688 255.9458 17.36788
-0.5080903 0.885861 0.03569627 24.93885 256.4988 16.94699
-0.477145 0.8604015 0.04777408 27.78267 257.0697 16.57497
-0.4469552 0.8355547 0.05903554 30.609 257.5487 16.37023
-0.4084117 0.8108156 0.07192564 34.0997 258.1406 16.20692
-0.3694588 0.7883174 0.08461857 37.51806 258.6681 16.37227
-0.3305426 0.7663245 0.09685683 40.79405 259.2182 16.64579
-0.2878973 0.7485169 0.1082833 44.25999 259.8252 17.03118
-0.2443925 0.731735 0.1204691 47.79892 260.5356 17.31642
-0.1974288 0.7188366 0.1320157 51.33947 261.462 17.64249
-0.1476939 0.7082087 0.1435266 54.91109 262.5949 18.10483
-0.09719419 0.7026296 0.1538873 58.61752 263.9324 18.58934
-0.04588056 0.6993541 0.1634247 62.26743 265.415 19.05235
0.007162333 0.6991968 0.172147 65.95721 267.1756 19.65823
0.05833316 0.7021067 0.1796303 69.72144 269.2738 20.57122
0.1108875 0.7096711 0.1857924 73.60699 271.9544 21.63235
0.1630647 0.7217293 0.1909068 77.56202 276.3997 24.26839
0.2152052 0.7356912 0.195735 81.35259 285.5264 31.43157
0.2646863 0.7524617 0.1999741 84.58008 306.7466 51.07896
0.3146247 0.7695104 0.203835 85.98541 354.8719 97.82945
0.3599628 0.7932606 0.2054694 84.11394 37.14631 139.082
0.4028203 0.8173293 0.2069204 80.82433 53.56918 154.4174
0.4440398 0.8428314 0.2078159 77.20402 59.83838 159.4079
0.482569 0.8692501 0.2082169 73.53371 62.61392 160.7804
0.520395 0.8952343 0.2084966 69.90786 64.69309 161.3587
0.5507915 0.9235643 0.2073243 66.48536 64.8055 159.798
0.5831616 0.9508239 0.2064979 62.96668 65.51675 158.9529
0.6132225 0.9785274 0.205374 59.3817 66.0332 157.7829

-0.05678976 1.469547 -0.09904146 351.371 169.1275 74.58965
-0.05505455 1.469324 -0.09890413 351.3375 168.3972 74.56869
-0.05413461 1.468706 -0.09908509 351.5142 168.2098 73.35583
-0.05275655 1.468756 -0.09901786 351.4633 168.1363 72.812
-0.05245829 1.468625 -0.09950948 351.3954 167.976 72.39803
-0.05102658 1.468254 -0.09840679 351.1137 167.3658 73.23956
-0.05029416 1.468507 -0.09802866 350.7489 166.7939 73.92319
-0.05040812 1.468879 -0.09707928 350.1545 166.672 74.45029
-0.05230618 1.469912 -0.09618831 349.5479 166.948 74.11699
-0.05376339 1.47071 -0.09452295 349.0226 166.9981 73.66972
-0.05429375 1.471354 -0.09161997 348.5948 166.7012 74.09391
-0.0556854 1.471111 -0.08765125 348.377 166.1612 75.58359
-0.0564034 1.47029 -0.08353019 348.3134 165.7671 76.9563
-0.0590694 1.468636 -0.0782454 348.6624 165.6544 78.38941
-0.06312537 1.466966 -0.07208037 349.0375 166.0262 78.98837
-0.06768632 1.464948 -0.06499052 349.4301 166.597 79.74779
-0.07246935 1.463436 -0.05793452 349.7051 167.2359 80.7972
-0.07905149 1.46179 -0.04753447 350.0513 168.1978 82.36998
-0.08527064 1.459721 -0.03841567 350.4258 168.8437 83.82495
-0.09111881 1.457934 -0.02786469 350.9688 169.4582 85.52041
-0.09758019 1.45525 -0.01312351 352.0988 170.1861 87.7636
-0.1048988 1.452719 -0.0001518726 353.0403 171.1284 89.58749
-0.1119273 1.449627 0.01580715 354.5836 172.3266 90.71211
-0.1178106 1.445774 0.03456092 356.5049 173.7189 91.24805
-0.1251436 1.442743 0.04991794 357.82 174.8986 92.29497
-0.1311171 1.439472 0.07003355 359.582 176.602 92.55992
-0.1360044 1.436789 0.08924866 0.9068424 178.2044 93.60104
-0.1409608 1.434112 0.1094246 2.08183 179.7647 94.35417
-0.144859 1.432185 0.1297998 3.240767 181.05 95.04141
-0.147706 1.431476 0.1514897 4.515277 182.3086 95.69027
-0.1504565 1.43003 0.1729395 5.874178 184.0084 96.62029
-0.1535213 1.428612 0.1952503 7.307005 186.4404 97.23356
-0.1572677 1.428047 0.2172635 8.344268 189.7413 96.60944
-0.1606272 1.427741 0.2398086 9.272168 192.9879 95.98283
-0.1636252 1.427952 0.2625792 10.21569 196.7039 95.41483
-0.1666321 1.430026 0.2839403 10.90718 199.8612 95.73657
-0.1669544 1.430773 0.3063827 11.57871 202.6597 96.18513
-0.1661177 1.432851 0.3280942 11.86168 205.2938 96.63834
-0.1646879 1.435477 0.3493695 11.85619 207.971 97.03001
-0.1639347 1.438769 0.3701665 11.98765 210.6118 97.31223
-0.1614053 1.44192 0.3908443 11.92856 213.3923 97.36388
-0.1587974 1.444417 0.4111385 12.246 216.8647 97.38948
-0.1565796 1.447441 0.4312649 12.85199 220.2603 97.93028
-0.1534613 1.449662 0.4522259 13.45015 223.4672 98.27922
-0.1490283 1.452392 0.4702384 14.14504 226.4325 98.18138
-0.1436477 1.454446 0.4904971 14.68196 229.2133 98.36333
-0.1377589 1.457417 0.5087843 15.14875 231.8571 98.45111
-0.1322591 1.461128 0.5259317 15.3774 234.6528 98.39365
-0.1255782 1.464504 0.5442417 15.49755 237.7926 98.3825
-0.1192348 1.468358 0.562541 15.73426 241.0776 98.3251
-0.112668 1.47278 0.5788049 16.15895 244.4945 98.32154
-0.1043954 1.477092 0.5951049 16.86352 247.6661 98.3038
-0.09573174 1.481493 0.6104312 17.77763 250.7903 98.71322
-0.08775496 1.48624 0.6256902 18.56626 254.1084 99.05038
-0.07805157 1.49141 0.6401869 19.29563 258.1482 99.22336
-0.06854403 1.497123 0.6549225 19.68069 262.1754 99.40048
-0.05923033 1.504329 0.6682616 19.30705 266.6399 99.444
-0.04892349 1.512004 0.6809407 18.162 271.1107 99.91212
-0.0387609 1.519787 0.6927924 16.92236 275.3966 100.478

-0.07447255 1.447972 -0.09945965 346.621 172.1539 59.95279
-0.0741359 1.447534 -0.0983808 346.701 171.9564 60.08461
-0.07465339 1.447891 -0.09736681 346.3439 171.8806 60.53761
-0.07616472 1.448764 -0.09683752 345.9786 171.9457 60.88119
-0.07692254 1.449003 -0.09530115 345.7606 171.7861 60.922
-0.07736135 1.448391 -0.09285259 345.7901 171.3641 60.90288
-0.07894504 1.448484 -0.0905292 345.7303 171.064 61.18806
-0.08096886 1.447096 -0.08611751 345.6639 170.64 62.54937
-0.08237338 1.445814 -0.08244157 345.5954 170.4453 63.7776
-0.08556151 1.444667 -0.07753015 345.5198 170.4308 65.29536
-0.08914649 1.442885 -0.07169938 345.3756 170.7653 66.32965
-0.09281492 1.441175 -0.06486988 345.105 171.3469 66.57398
-0.09856129 1.4402 -0.05806184 344.7852 172.1568 66.89409
-0.1031673 1.438714 -0.05071402 344.4607 172.8475 67.48299
-0.1072841 1.436764 -0.04161167 344.2146 173.5645 68.29539
-0.1129673 1.435424 -0.03256083 344.0935 174.3446 69.29585
-0.1180677 1.433855 -0.02234244 344.0514 175.2411 70.82147
-0.1224478 1.431923 -0.01182365 344.0942 176.1035 72.2138
-0.1287985 1.430112 -0.0009849072 344.5706 177.0695 73.34012
-0.1341339 1.427419 0.01096129 345.4209 178.0789 74.39063
-0.1368185 1.423976 0.02429366 346.3188 179.2795 75.25993
-0.14309 1.422281 0.0363853 347.1092 180.6954 75.4211
-0.1476414 1.420777 0.04933453 347.6922 181.8717 75.92719
-0.148885 1.419063 0.06450343 348.2179 182.6133 77.44169
-0.1518105 1.417826 0.07956433 348.8946 183.0673 79.61192
-0.1559048 1.416239 0.09404469 349.6738 183.6487 81.46852
-0.1554755 1.412668 0.1128337 351.0544 184.454 83.42757
-0.1587554 1.41041 0.1304791 352.2505 185.7904 84.42156
-0.1619277 1.408858 0.1482136 353.2403 187.5218 84.71281
-0.1640284 1.40695 0.1679089 354.0528 189.9993 83.88628
-0.1681846 1.405953 0.1871157 354.9163 192.7397 83.34431
-0.1728489 1.404366 0.2057755 355.8178 195.2368 83.69173
-0.1763716 1.404096 0.2264383 356.4903 197.7733 84.49
-0.1794018 1.403548 0.2456613 357.0827 199.9247 85.11856
-0.1801615 1.403603 0.2657704 357.4182 201.8455 85.72593
-0.1801255 1.403222 0.2862473 357.9042 203.8082 86.13549
-0.1814703 1.404577 0.3052089 358.544 205.931 86.27242
-0.1818467 1.404548 0.3261657 359.3581 208.5762 85.8095
-0.1813438 1.403991 0.3479195 0.2610593 212.1295 85.10925
-0.1830702 1.405077 0.3690674 1.103596 215.9969 84.75134
-0.1830888 1.40599 0.3906493 1.819375 219.3726 84.76803
-0.1810253 1.409234 0.4097679 2.04405 221.7909 85.67881
-0.1781166 1.41165 0.4295614 2.240825 223.908 86.23121
-0.1733351 1.415089 0.4484024 2.235311 225.7302 86.46201
-0.1687663 1.417803 0.4677548 2.497702 228.1161 86.5415
-0.1635752 1.42154 0.4871798 3.243978 231.1243 86.62342
-0.1589475 1.424129 0.5077963 4.209218 234.4389 86.76533
-0.1531076 1.426586 0.5273782 5.682924 237.9695 86.87048
-0.1454866 1.429291 0.546643 7.02203 240.9415 87.1965
-0.137958 1.432656 0.5657731 8.184047 243.9297 87.76565
-0.1300232 1.437394 0.5836163 9.211712 247.399 88.54689
-0.120205 1.441751 0.6026188 10.23534 251.326 88.98164
-0.1099787 1.447744 0.6196018 11.60263 255.4933 89.54647
-0.09955668 1.454455 0.6347969 12.98638 259.6356 90.30352
-0.08773494 1.461177 0.6507992 13.79071 263.5661 91.06747
-0.0757246 1.470687 0.6645446 13.15024 267.8552 91.82477
-0.06501615 1.483847 0.6769893 10.30446 273.5592 91.94065
-0.05356944 1.495784 0.6895002 8.630832 278.6527 91.80201
-0.0435822 1.508064 0.698243 5.791086 283.1804 91.0041
-0.03632927 1.51879 0.7052636 2.027997 286.3124 91.25073
-0.03107166 1.531588 0.7094935 358.8606 289.3885 91.14854
-0.02843904 1.539039 0.7134311 356.5279 291.7797 89.47871
-0.02621555 1.54247 0.7179024 355.6587 293.8027 87.61185
-0.025249 1.545835 0.7195969 355.3902 295.0719 86.53994
-0.02350426 1.546994 0.7204692 355.8009 295.4778 86.03719
-0.02079976 1.54704 0.7208507 356.9804 295.744 86.32191
-0.01890969 1.545248 0.7217374 358.4894 296.5065 87.01257
-0.01645803 1.542699 0.7218964 0.7380941 296.6487 88.31495
-0.0137763 1.542048 0.7215772 1.303335 296.6272 88.73817
-0.01538372 1.54133 0.719251 1.058511 296.9608 88.75542
-0.01452184 1.543548 0.719963 359.3032 297.297 87.61722

-0.2402744 1.446616 -0.1242554 353.406 180.9902 72.98969
-0.2386836 1.446748 -0.1230659 353.4394 180.2745 72.4697
-0.2382016 1.446807 -0.1222672 353.5901 179.9693 71.9604
-0.2379301 1.446216 -0.1212029 353.7493 179.8053 71.43227
-0.2378937 1.446127 -0.1197948 353.5021 179.5664 71.81902
-0.2380431 1.445837 -0.1177566 353.0937 179.1331 72.37127
-0.2372814 1.445636 -0.1152675 352.6848 178.5771 72.68268
-0.2380341 1.445174 -0.1124129 352.3572 178.5238 72.50803
-0.2392027 1.443938 -0.1084104 352.2914 178.6369 72.45219
-0.240522 1.44301 -0.1044085 352.3083 178.6302 72.65207
-0.2429034 1.441114 -0.09821534 352.4339 178.7321 73.07023
-0.2445171 1.439585 -0.09244347 352.3604 178.875 73.40231
-0.2479724 1.438403 -0.08565068 352.1611 179.2267 73.6058
-0.2512465 1.43713 -0.07747459 351.9743 179.652 73.67065
-0.2542869 1.43571 -0.0694046 351.8711 179.9671 73.89933
-0.2572049 1.433794 -0.05930209 351.8654 180.376 74.35921
-0.2606634 1.43185 -0.04847932 351.9615 180.798 75.09158
-0.2639395 1.429494 -0.03667307 352.1339 181.4196 75.97833
-0.2678623 1.427262 -0.02453494 352.3615 182.1905 76.40291
-0.2716856 1.425362 -0.01147556 352.4669 183.1048 76.37404
-0.2752348 1.423584 0.001307487 352.4714 183.9306 76.36848
-0.2782298 1.422007 0.01571751 352.4002 184.9156 76.17787
-0.281503 1.420454 0.03064609 352.2672 186.1997 76.55329
-0.2853951 1.418936 0.0456562 352.2937 187.5575 77.18063
-0.2880964 1.416902 0.06156969 352.6031 188.7429 77.99128
-0.2912562 1.415063 0.07725263 353.0123 189.7382 78.85885
-0.2938284 1.412737 0.09319687 353.8164 190.5126 79.99043
-0.294939 1.409703 0.1102707 354.8777 191.5099 80.7355
-0.294706 1.405964 0.128427 356.0914 192.8774 81.01861
-0.2973838 1.402993 0.1448784 357.5471 194.2541 81.56373
-0.2983633 1.39972 0.1624978 358.9937 195.6743 82.29933
-0.2972486 1.396138 0.1811907 0.6705375 197.1856 82.72031
-0.2988884 1.393899 0.1974263 2.275022 198.5356 82.99005
-0.2985203 1.391751 0.2152779 3.683357 199.8265 83.5706
-0.2961154 1.390838 0.2332871 4.765283 201.0918 84.18375
-0.2951622 1.389984 0.2510328 5.84382 202.3936 84.57442
-0.2949159 1.390513 0.2677085 6.841078 203.8577 84.6324
-0.2937784 1.390833 0.2852147 7.97445 205.8144 84.58305
-0.293093 1.390944 0.3028681 9.065749 207.7323 84.65482
-0.2928219 1.392613 0.3196616 10.12921 209.7708 84.55258
-0.2919782 1.394299 0.3361659 11.03949 211.7379 84.62769
-0.2897558 1.397104 0.3518801 11.76539 213.1997 84.92453
-0.2868065 1.39982 0.3669777 12.47915 214.2712 85.49776
-0.2841479 1.402925 0.3813252 13.11117 215.382 86.13273
-0.2812779 1.40639 0.3963866 13.73405 216.6903 86.47659
-0.2784178 1.409881 0.4110692 14.34398 218.0928 86.77411
-0.2755582 1.413282 0.4256878 15.06454 219.8955 87.36521
-0.2730656 1.416886 0.4406927 15.75417 221.8833 87.92455
-0.2700722 1.421106 0.4560635 16.31334 223.9607 88.39554
-0.2675748 1.425525 0.470367 16.75134 226.3331 88.91171
-0.2638564 1.429789 0.484854 17.05511 228.42 89.40529
-0.2599218 1.434632 0.4982285 17.27276 230.3427 89.79984
-0.255946 1.439601 0.5109073 17.51692 232.2049 90.31501
-0.2506351 1.444353 0.5241907 17.8403 234.2627 91.0388
-0.2457407 1.44896 0.5373957 18.23396 236.3118 91.68877
-0.2397871 1.453512 0.5502268 18.44769 238.581 92.45458
-0.2336385 1.458424 0.5645419 18.37853 241.3322 92.92987
-0.227797 1.463649 0.5793326 18.13431 244.7364 93.42076
-0.2215655 1.468738 0.5944043 17.86549 248.2917 94.14793
-0.2140417 1.474209 0.6098316 17.48616 252.7296 94.71436
-0.2063067 1.479746 0.6232228 17.25171 257.0177 95.2466
-0.1983073 1.485533 0.6341053 16.82561 260.2123 96.07648
-0.1896821 1.491789 0.6427219 15.70208 262.8736 96.71522
-0.1821811 1.498551 0.6508473 14.26318 265.4966 96.79627
-0.1762282 1.505789 0.6562668 12.03236 267.7335 95.81387
-0.1731544 1.513907 0.659718 9.591949 269.6247 94.5234
-0.1702065 1.520863 0.6641595 7.343627 271.3651 93.51111
-0.1713763 1.526538 0.6633793 4.148586 271.3139 92.92427
-0.1718161 1.532712 0.6615111 2.02404 270.9246 92.64146
-0.1701729 1.53667 0.6605924 0.7966665 270.5004 92.631
-0.1675086 1.538484 0.6588142 0.5787061 269.9088 93.44135
-0.16531 1.53537 0.6556679 2.750925 268.5743 95.08792
-0.1630191 1.534735 0.6549479 3.502941 268.2485 95.34948
-0.1604906 1.533732 0.654532 4.043931 268.4545 94.62581

-0.2013993 1.454131 -0.1211069 356.8286 174.7522 76.65543
-0.201027 1.454339 -0.120425 356.5665 174.369 77.2597
-0.2008498 1.454436 -0.1196425 356.5697 174.162 76.82001
-0.2016146 1.454244 -0.118916 356.6124 174.4288 75.55269
-0.2020822 1.453541 -0.1181269 356.7829 174.7729 74.59507
-0.2028829 1.452909 -0.1172509 356.986 174.8885 74.32318
-0.2009877 1.451322 -0.1145103 357.0265 174.8295 74.57875
-0.2014582 1.451006 -0.1129818 356.943 174.6572 75.18143
-0.201743 1.450637 -0.1109829 356.7092 174.4576 75.74738
-0.202107 1.450599 -0.1091459 356.4413 174.2783 75.89278
-0.2020905 1.450673 -0.1065242 356.1884 174.1963 75.94387
-0.2030199 1.450713 -0.1035814 355.8453 174.2334 75.90458
-0.2042526 1.450998 -0.09975815 355.2704 174.4866 75.76464
-0.2048688 1.451083 -0.09591222 354.8051 174.6818 75.61421
-0.2061801 1.451239 -0.09148574 354.3794 174.9579 75.26995
-0.2075576 1.451001 -0.08655429 354.0958 175.158 75.24265
-0.2084503 1.450465 -0.08138871 353.8307 175.3854 75.36861
-0.2100846 1.449823 -0.07563114 353.6851 175.6871 75.82432
-0.2119129 1.449037 -0.06917858 353.5295 175.8912 76.50382
-0.2134992 1.447873 -0.06231022 353.3216 176.0245 77.14397
-0.2156682 1.446811 -0.05502319 353.0961 176.4093 77.44176
-0.2180582 1.445605 -0.0470221 352.8465 177.0498 77.36625
-0.2207541 1.444527 -0.03919888 352.6256 177.6989 77.37564
-0.2237654 1.442934 -0.03031659 352.4204 178.3805 77.42268
-0.2265997 1.441534 -0.02054691 352.1949 179.0152 77.6012
-0.2295978 1.439987 -0.01052499 352.0746 179.8589 77.46465
-0.2326427 1.438578 -0.0006008148 351.9466 180.6725 77.34639
-0.2351893 1.436924 0.01065159 351.7859 181.5184 77.46828
-0.2373425 1.43527 0.02261114 351.6587 182.1173 77.43777
-0.2398504 1.43395 0.03477192 351.5762 182.5827 77.78947
-0.2418606 1.432359 0.04722834 351.5307 183.1914 78.26233
-0.2430577 1.430368 0.06146145 351.7936 183.8709 79.07841
-0.245465 1.42843 0.07521343 352.3488 184.564 80.1439
-0.2466168 1.425995 0.08978128 353.1542 185.3806 81.09192
-0.2486556 1.42371 0.1039739 354.0095 186.1631 81.84652
-0.2503603 1.421468 0.1191835 355.3375 187.0489 82.96964
-0.2512031 1.419253 0.1346173 356.3416 187.9982 83.95492
-0.2538215 1.416965 0.1495214 357.8496 188.999 84.75353
-0.2549542 1.414909 0.165519 359.3735 189.7118 85.72903
-0.2548158 1.412951 0.1821508 0.5544971 190.475 86.64426
-0.2569671 1.41259 0.1973608 1.497414 191.3831 86.79987
-0.2578073 1.412897 0.2136145 2.050398 192.5615 86.6026
-0.2575676 1.413028 0.2305174 2.611248 193.8825 86.67919
-0.2590402 1.414319 0.2463093 3.434378 195.1319 87.20737
-0.2594922 1.414558 0.2632446 4.501217 196.2828 88.15933
-0.2594309 1.414801 0.2802892 5.666105 197.4412 88.92628
-0.2609119 1.416355 0.2956989 6.679696 198.7599 89.2168
-0.2615335 1.41775 0.3119774 7.505875 200.7675 88.85092
-0.2620935 1.419883 0.3278213 8.115185 203.0362 88.5396
-0.2629431 1.422512 0.3429761 8.730392 204.9725 88.62798
-0.2624478 1.425561 0.3580098 9.228539 206.5569 88.78786
-0.2612367 1.428796 0.3726237 9.699446 207.8027 89.58195
-0.2610352 1.432764 0.3866439 10.25048 209.43 90.89259
-0.260679 1.43608 0.4017053 10.69752 211.4521 92.08996
-0.2600955 1.439508 0.4164624 11.00114 213.5658 92.55189
-0.2592132 1.444015 0.4315016 10.90381 215.8151 92.56227
-0.2586002 1.44845 0.4464288 10.76402 218.2183 93.12424
-0.2582955 1.453119 0.4612713 10.64369 220.9849 93.65059
-0.256572 1.457892 0.4765224 10.43412 223.4712 94.23272
-0.2542393 1.462694 0.4910622 10.19571 225.769 95.17654
-0.2518247 1.467572 0.5051472 10.06247 228.0441 96.03944
-0.2483613 1.472092 0.5202869 9.928535 230.4417 96.82746
-0.2445854 1.476272 0.5353835 10.0562 233.3663 97.59134
-0.2401941 1.480085 0.5502207 10.5898 236.7038 98.1715
-0.2347126 1.483646 0.5661588 10.98627 239.9925 98.63259
-0.2281184 1.487885 0.5812541 11.26393 243.5242 99.17727
-0.2204006 1.493329 0.594488 10.53223 247.2806 100.035
-0.2125788 1.497583 0.6094773 9.804558 251.1387 100.6682
-0.2049959 1.502615 0.6226901 9.018846 255.1218 101.0405
-0.1973002 1.506773 0.6315675 8.060023 258.6316 100.6465
-0.1895584 1.511252 0.6410174 7.052611 261.6551 100.6359
-0.1837502 1.515665 0.6468471 5.383715 263.9551 100.2751
-0.1799452 1.520145 0.6504865 3.542357 265.4951 100.163
-0.1766318 1.525158 0.6533561 2.247381 266.4085 99.80728
-0.1760464 1.528567 0.6513779 1.242784 265.6188 99.88153
-0.1745491 1.530361 0.6458385 0.8157024 263.7646 100.2847
-0.1720369 1.532687 0.6451581 0.3507512 263.2016 100.1311
-0.1700363 1.533514 0.6451863 0.5968737 263.0281 99.30473
-0.1682191 1.534631 0.645155 0.8530146 263.8761 98.45271
-0.1682602 1.533996 0.6493077 1.57203 265.8118 97.51401
-0.1677516 1.534634 0.6543533 1.536049 267.8402 97.06764
-0.1664605 1.536509 0.6594105 0.6729428 269.401 96.37587

-0.3577648 1.422682 -0.1401262 0.06083907 173.0567 78.01913
-0.3551514 1.42367 -0.1396148 359.6448 171.5919 78.51443
-0.3554443 1.422367 -0.1386538 -0.002799097 171.9681 78.57426
-0.3551514 1.422257 -0.1383226 0.08660085 171.8649 76.4575
-0.3549705 1.421775 -0.1379609 0.2685188 171.7112 75.18548
-0.3549503 1.42061 -0.1361737 0.5127389 171.7171 75.22002
-0.3554013 1.419487 -0.1343129 0.7382286 171.6629 75.98671
-0.3555983 1.418384 -0.131609 0.943894 171.5613 75.98643
-0.3564641 1.417515 -0.1269269 1.042628 171.4759 76.2273
-0.3575712 1.417152 -0.1221871 0.9580041 171.4251 76.42198
-0.3579826 1.416798 -0.1166761 0.7762522 171.4111 76.80563
-0.3599613 1.417187 -0.1099925 0.2541983 171.6144 77.1522
-0.362498 1.41782 -0.1023993 359.6904 172.0235 77.05894
-0.3647501 1.418567 -0.09471059 359.1923 172.4873 77.17583
-0.3681517 1.419613 -0.08550119 358.6549 173.2908 77.51201
-0.371943 1.420748 -0.07537985 358.2632 173.9685 77.9011
-0.3746216 1.421941 -0.0652523 357.8783 174.4758 78.23903
-0.377525 1.423222 -0.05358076 357.4659 175.0204 78.70927
-0.3804107 1.424601 -0.04036117 357.0223 175.9315 78.84409
-0.3839929 1.425907 -0.02850747 356.6859 176.8605 78.86595
-0.3873847 1.427056 -0.01530361 356.5393 178.003 78.89033
-0.3896689 1.427665 -0.001298428 356.5016 179.0033 79.26898
-0.3925073 1.428556 0.01255107 356.4674 179.9034 79.79781
-0.395082 1.429602 0.0263958 356.431 180.8298 80.33582
-0.3967724 1.430279 0.04146385 356.5087 181.8801 81.11004
-0.3991201 1.430765 0.05628467 356.7182 183.0612 81.55366
-0.401304 1.431607 0.07140684 356.9675 184.4239 81.42829
-0.4023261 1.432 0.08700442 357.1039 185.882 81.46021
-0.4045599 1.432837 0.102211 357.3146 187.3964 81.63251
-0.4059207 1.433782 0.1176116 357.6009 188.7211 81.97623
-0.4059908 1.434148 0.1337221 358.0778 189.9372 82.47459
-0.4072056 1.434969 0.1488695 358.8035 191.0424 82.95822
-0.4079444 1.435485 0.1646369 359.4785 192.2493 83.49026
-0.4068372 1.435415 0.1814406 0.221574 193.7974 83.89001
-0.4072878 1.436428 0.1973574 0.8272215 195.3072 84.14009
-0.4086449 1.438405 0.211731 1.30666 196.7388 84.35471
-0.4078779 1.439436 0.2279663 1.834826 198.1904 84.8091
-0.4080393 1.441607 0.2426691 2.433684 199.6728 85.32654
-0.4073136 1.443166 0.2582595 3.120407 201.2855 85.70524
-0.405545 1.444449 0.2740335 3.867466 202.9028 86.14896
-0.4044297 1.4465 0.2890289 4.569392 204.3968 86.73624
-0.4029658 1.448245 0.304585 5.185065 205.9223 87.1254
-0.4009783 1.450623 0.3198314 5.603387 207.784 86.95885
-0.3997257 1.45313 0.3352396 6.017279 209.6801 87.2438
-0.3983066 1.455584 0.3509061 6.454311 211.7438 87.71193
-0.3966424 1.458559 0.3657732 7.00119 214.0847 88.12855
-0.3936112 1.461233 0.3804171 7.679442 215.7751 88.81328
-0.3903816 1.463824 0.3950198 8.35702 217.385 89.5696
-0.3868473 1.466683 0.408587 9.068032 219.0509 90.25005
-0.3829925 1.469542 0.4226658 9.661941 221.039 90.53477
-0.3794677 1.472695 0.4367573 10.15121 223.1597 90.75899
-0.3755264 1.476697 0.4497821 10.29228 225.6413 90.96077
-0.3714669 1.480645 0.4635515 10.40699 227.814 91.48738
-0.3667507 1.485195 0.4772444 10.04562 230.2409 92.08431
-0.3626735 1.49001 0.4908421 9.665698 232.7916 92.47116
-0.3576432 1.495545 0.5047836 8.8006 235.8039 92.73031
-0.3525093 1.500802 0.5182416 7.992606 239.0383 93.0085
-0.3471153 1.505591 0.5295193 7.175337 241.8841 93.23636
-0.341006 1.510718 0.5407189 6.281286 244.377 93.37563
-0.3352044 1.515275 0.5491714 5.096843 246.4439 92.61921
-0.3304702 1.519425 0.5559063 3.888707 248.3413 92.16751
-0.3265284 1.52354 0.5610106 2.67989 249.5592 92.09102
-0.3232951 1.52694 0.5638387 1.238476 250.0217 91.97701
-0.3195057 1.529888 0.5666578 359.982 250.5242 92.09164
-0.3172594 1.531462 0.5672722 359.4294 250.2231 92.24469
-0.3146787 1.532174 0.5689048 359.284 250.3109 92.37788
-0.3122394 1.530446 0.5691061 359.9386 250.5761 92.56767
-0.3110089 1.527977 0.5711231 0.6999223 251.3085 91.91583
-0.3096449 1.525808 0.5742089 1.292431 252.3138 90.68522
-0.3079467 1.523726 0.5774633 1.807978 253.4946 90.06373
-0.3081765 1.520724 0.5791504 2.628718 254.5598 90.02994


-0.6530745 1.439329 -0.4509113 357.9469 180.1698 91.33751
-0.6504169 1.438275 -0.4495096 357.8279 179.2108 91.56796
-0.6505842 1.43837 -0.4497542 357.8911 178.7651 91.672
-0.6505852 1.437938 -0.4494669 357.9682 178.6613 91.65075
-0.6495273 1.436427 -0.4487519 358.1341 178.6867 91.80939
-0.6499581 1.435645 -0.4485004 358.1082 178.7128 92.25208
-0.650847 1.435595 -0.4485891 358.1026 178.7724 92.38
-0.6501803 1.434029 -0.447638 358.1107 178.6774 92.37048
-0.649756 1.432808 -0.4463491 358.0318 178.4052 92.68771
-0.6488869 1.43129 -0.4444809 357.8853 178.0123 93.06133
-0.6489768 1.430376 -0.4428716 357.7874 177.7036 93.16514
-0.6488147 1.428681 -0.4398727 357.7066 177.6103 92.89
-0.6496994 1.42766 -0.4366426 357.4964 177.6878 92.44151
-0.6499081 1.426299 -0.4328828 357.3125 177.8866 91.85225
-0.6502657 1.424438 -0.4276383 357.1514 178.3578 91.22038
-0.6517859 1.423222 -0.4219861 357.0591 178.731 90.88029
-0.6526728 1.421572 -0.4160755 357.0595 178.9763 90.82893
-0.6529078 1.419135 -0.4080982 357.3017 179.1843 91.21691
-0.6541657 1.416934 -0.3985493 357.786 179.3111 91.76778
-0.655416 1.415024 -0.3897696 358.0767 179.5626 91.9041
-0.6571186 1.413265 -0.3789997 358.3722 180.0509 91.93995
-0.6575093 1.411039 -0.366868 358.5451 180.7424 91.77525
-0.6597991 1.409927 -0.3541143 358.7452 181.6048 91.37532
-0.6610219 1.408438 -0.3396788 358.9006 182.5596 91.0892
-0.6630907 1.407471 -0.3255608 359.0598 183.465 90.90371
-0.6655357 1.407043 -0.3094168 359.2726 184.4684 90.84324
-0.6667497 1.405839 -0.2927401 359.5363 185.4449 90.89915
-0.6684122 1.405475 -0.2730222 359.9105 186.7074 91.06211
-0.6702662 1.405602 -0.2547557 0.3022595 188.0053 90.99046
-0.6708393 1.405241 -0.2338054 0.7955249 189.6264 90.90125
-0.6716146 1.405544 -0.2123013 1.385047 191.249 90.92542
-0.6719005 1.406615 -0.1903539 2.061654 192.7638 91.00134
-0.6706045 1.407262 -0.1670878 2.783142 194.3044 91.23696
-0.6699066 1.408259 -0.1441517 3.518238 195.9488 91.55104
-0.6690919 1.410412 -0.1204233 4.457421 197.7959 92.13223
-0.6658149 1.412357 -0.0955317 5.355643 199.7572 92.6647
-0.6620495 1.415225 -0.07047391 6.014041 201.7824 92.81299
-0.6593604 1.419041 -0.04697084 6.545359 203.7115 92.86821
-0.652983 1.423095 -0.02251458 6.949494 205.8138 92.6639
-0.6472113 1.42801 0.001312733 7.516439 208.1658 92.8502
-0.6409612 1.432109 0.02579379 8.231596 210.5889 93.12881
-0.6336825 1.437184 0.04921913 9.224545 213.2957 93.61972
-0.6250706 1.442011 0.07295799 10.36993 216.1301 94.44524
-0.6158164 1.447389 0.09578156 11.5871 219.0062 94.99319
-0.6061063 1.453442 0.1172168 12.79547 221.8889 95.52287
-0.5949514 1.459509 0.1384215 13.95502 224.7775 95.82329
-0.5831621 1.465425 0.1589024 14.94037 227.7043 96.46287
-0.5724072 1.472484 0.1783261 15.80607 230.6171 97.26714
-0.5597928 1.479843 0.1969066 16.58269 233.6484 98.15917
-0.546634 1.486869 0.2153597 17.24932 237.0636 98.89399
-0.534771 1.495006 0.2324109 17.86608 240.5164 99.54402
-0.5211539 1.503165 0.2490685 18.41218 244.2982 100.3051
-0.5065842 1.510826 0.2653408 19.14679 248.2819 101.4346
-0.4931133 1.518687 0.2793531 19.94439 252.234 102.3061
-0.4784262 1.526288 0.2927816 20.40799 256.2505 102.9479
-0.463403 1.533993 0.305136 20.15962 260.2585 103.5355
-0.4500411 1.542263 0.3165061 19.85896 264.1467 104.1142
-0.436621 1.549998 0.3252676 19.48448 267.9487 104.5111
-0.4250538 1.556781 0.3318198 19.36887 271.5679 105.5276
-0.4157271 1.56208 0.3368666 19.25684 274.4722 106.6065
-0.4067373 1.5676 0.341279 18.71719 276.7104 107.1965
-0.4015148 1.571563 0.3411756 17.73708 276.9065 107.5216
-0.3975499 1.574338 0.3391609 16.8878 276.1417 107.6946
-0.3925965 1.576877 0.3381629 16.37969 276.0058 107.8806
-0.3897979 1.577063 0.3337395 16.44344 274.3482 107.7851
-0.3850152 1.578476 0.3322701 16.25468 273.7196 107.6789
-0.3822405 1.579063 0.3299706 15.52702 273.3753 107.1607
-0.3792379 1.580417 0.3305237 14.25909 273.5231 106.389
-0.3761364 1.581686 0.3330014 13.11478 274.2043 105.8156
-0.3744777 1.582438 0.3361216 11.84754 275.6588 104.8101
-0.3749213 1.582422 0.3400066 10.56714 277.7002 103.4713
-0.374967 1.582527 0.3445115 9.523507 279.1095 102.6965
-0.3761611 1.581238 0.3470166 8.745542 280.3713 102.367

-0.833519 1.467271 -0.466783 5.155364 180.59 86.14135
-0.8293147 1.465837 -0.4641166 4.65667 179.8958 85.24869
-0.8299663 1.467141 -0.4640753 4.388144 179.7402 84.67947
-0.8299687 1.466973 -0.4621603 4.072566 179.8332 84.07523
-0.8283565 1.46512 -0.4591739 4.015093 180.1995 84.14451
-0.827961 1.464121 -0.4548068 4.162118 180.2936 84.24656
-0.8277671 1.46325 -0.4504209 4.292443 180.2248 84.21076
-0.8274407 1.462438 -0.445297 4.406914 179.9889 84.29946
-0.8261597 1.460796 -0.4383922 4.577195 179.7829 84.49327
-0.8261251 1.459934 -0.4319627 4.663769 179.8097 84.59349
-0.827059 1.459434 -0.4238958 4.73444 180.2047 84.49934
-0.8275559 1.458259 -0.41539 4.780242 180.6737 84.38167
-0.8291881 1.458089 -0.4051843 4.730841 181.405 84.32333
-0.8309908 1.458423 -0.3931334 4.683725 182.2704 84.43516
-0.8320172 1.457651 -0.3818586 4.690751 182.9591 84.51693
-0.8335042 1.457876 -0.3701177 4.72414 183.8103 84.60044
-0.8349311 1.458333 -0.3555393 4.884956 184.8529 84.92677
-0.8358641 1.457771 -0.3420377 5.013906 185.7005 85.13499
-0.8363397 1.458009 -0.326915 5.196803 186.6778 85.29943
-0.8374445 1.458545 -0.3113701 5.405118 187.9066 85.33257
-0.8386207 1.458836 -0.2959218 5.586085 189.2421 85.37512
-0.8394642 1.459406 -0.2791061 5.885324 190.8209 85.40348
-0.8398783 1.460234 -0.261245 6.228537 192.4674 85.52071
-0.8403287 1.460494 -0.2441461 6.535031 193.9899 85.77355
-0.8398759 1.46143 -0.2253816 7.033225 195.6795 86.04205
-0.8396096 1.462318 -0.20713 7.473358 197.342 86.29836
-0.8377442 1.462501 -0.187449 7.968452 199.3516 86.48279
-0.8364236 1.463347 -0.1681371 8.506702 201.3727 86.68203
-0.8344116 1.464274 -0.1482425 9.117428 203.4374 86.81413
-0.831805 1.465903 -0.1284938 9.654674 205.5091 86.87772
-0.8288403 1.46802 -0.1088133 10.04508 207.6375 87.15543
-0.8256271 1.47006 -0.08906126 10.37776 209.7487 87.35584
-0.8211949 1.472252 -0.0692327 10.58038 212.0273 87.53498
-0.8167529 1.474902 -0.0496912 10.87191 214.5108 87.64233
-0.8111486 1.477479 -0.02998972 11.08065 216.8212 87.82656
-0.8056409 1.48004 -0.01047516 11.28085 219.0425 88.09433
-0.7987518 1.482982 0.008123636 11.40251 221.3869 88.24413
-0.7919021 1.485724 0.02705693 11.58736 223.8401 88.33502
-0.7847588 1.488348 0.04627895 11.77426 226.275 88.55872
-0.7768188 1.490769 0.06469703 12.02842 228.8162 88.94437
-0.7685637 1.492895 0.08278656 12.50031 231.4942 89.34859
-0.759372 1.494391 0.1005991 13.27736 233.9794 89.6474
-0.7502315 1.496111 0.1179175 13.98591 236.3296 89.92931
-0.740401 1.49792 0.1337996 14.71365 238.5638 90.12261
-0.7301953 1.499782 0.14942 15.01987 240.6445 90.29513
-0.7198801 1.502403 0.1638007 14.96382 242.5927 90.60525
-0.709897 1.50519 0.1786363 14.89213 244.6226 90.80013
-0.6998653 1.508239 0.1924417 14.33591 246.7321 90.78339
-0.6898706 1.510719 0.2069867 14.06741 249.0349 90.97426
-0.6801264 1.513271 0.2211585 13.60774 251.4578 91.40445
-0.6699421 1.516229 0.2351098 13.23183 253.8709 91.96253
-0.6598589 1.518235 0.2494147 13.0589 256.342 92.4239
-0.6494892 1.519833 0.2631135 13.29107 259.2908 93.03204
-0.6391246 1.520381 0.2764792 13.93365 262.5609 93.62324
-0.6289315 1.520568 0.2892995 14.83867 265.8052 94.37339
-0.6191947 1.520923 0.3000865 15.76474 268.4846 95.10575
-0.6096973 1.521518 0.3104091 16.01463 270.6708 95.42794
-0.603061 1.524286 0.3169546 15.37861 271.9511 95.41801
-0.5959196 1.526863 0.3257668 15.17298 274.0811 95.37664
-0.5896699 1.528768 0.334389 15.00702 276.5066 95.30762
-0.5851948 1.531759 0.3416669 14.46107 279.3224 95.55624
-0.5811183 1.535296 0.3477845 13.41755 281.6152 95.63853
-0.5781162 1.539626 0.3517675 11.73611 282.7564 95.07363
-0.5758562 1.544106 0.3546195 9.914239 283.2607 94.81052

-0.8442717 1.501993 -0.4653282 2.554312 186.1779 83.9883
-0.84372 1.502527 -0.4643042 2.31277 186.0837 83.66785
-0.8430769 1.50259 -0.4634075 2.119148 186.0417 83.23254
-0.842777 1.502473 -0.4633384 2.069104 185.9309 82.7766
-0.841809 1.501909 -0.462173 2.275959 185.8627 82.6347
-0.8416727 1.500792 -0.4616668 2.617942 185.8655 82.70296
-0.8413868 1.499735 -0.4612648 2.945922 185.8829 82.72732
-0.8413999 1.498871 -0.4607277 3.179604 185.86 82.69589
-0.8410041 1.49797 -0.4598932 3.383788 185.7604 82.73913
-0.8400109 1.497055 -0.4587798 3.45623 185.3645 83.14217
-0.8395727 1.496347 -0.4578559 3.514648 185.0221 83.45618
-0.8383496 1.495712 -0.4565105 3.464596 184.4035 83.72742
-0.8366649 1.495215 -0.4548969 3.337074 183.8111 83.77955
-0.8359621 1.49515 -0.4529462 3.204964 183.6927 83.83242
-0.8359225 1.494898 -0.4500825 3.0566 183.921 83.7372
-0.8358436 1.494386 -0.4465394 3.011484 184.0846 83.82509
-0.8358426 1.49393 -0.4419136 3.075101 184.0594 84.05031
-0.8357699 1.493118 -0.4370875 3.238012 184.0654 84.28882
-0.8360941 1.491848 -0.4303322 3.670147 184.1934 84.56746
-0.8369403 1.490516 -0.4230666 4.215317 184.4672 84.85126
-0.8375583 1.489078 -0.4144456 4.760481 184.7564 85.11868
-0.8383214 1.487821 -0.4048123 5.203197 185.1858 85.06933
-0.8399119 1.486405 -0.3955703 5.681623 185.7054 85.09237
-0.8414421 1.485125 -0.3840408 6.265077 186.5131 85.24397
-0.8428261 1.483922 -0.3715148 6.928754 187.3547 85.48728
-0.8446448 1.482728 -0.3584852 7.660192 188.2414 85.83073
-0.8459334 1.481786 -0.3453403 8.338008 189.1587 86.21995
-0.8472419 1.481095 -0.3306825 9.003856 190.2983 86.36503
-0.8485756 1.48076 -0.3158371 9.618162 191.3973 86.26411
-0.8492737 1.480705 -0.3000851 10.17462 192.5057 86.38505
-0.8500483 1.481003 -0.284456 10.70332 193.6689 86.59456
-0.8509011 1.481673 -0.2678535 10.93685 195.2403 86.42873
-0.8511579 1.483027 -0.2507923 10.94966 197.0939 85.81671
-0.8517284 1.484855 -0.2332871 10.90425 199.0488 85.33702
-0.8518097 1.487121 -0.2155275 10.94442 200.9434 85.41985
-0.8516755 1.489245 -0.1976285 11.18511 202.8449 85.72141
-0.8510129 1.491069 -0.1794436 11.46835 204.6956 86.01176
-0.8496449 1.493139 -0.1608453 11.82155 206.5888 86.34708
-0.847698 1.495699 -0.1423936 12.06994 208.5399 86.49747
-0.84513 1.498134 -0.1237416 12.14608 210.5522 86.58286
-0.8422658 1.501096 -0.1052637 12.10769 212.6143 86.59689
-0.8394101 1.504149 -0.08708477 12.09288 214.6227 86.65633
-0.8350327 1.507394 -0.06878972 12.12152 216.6389 86.94414
-0.8313327 1.510079 -0.05012631 12.20971 218.6671 87.21992
-0.8262384 1.513038 -0.03230524 12.58868 221.0262 87.60781
-0.8207984 1.515854 -0.01398516 12.94343 223.2609 87.91417
-0.814889 1.518582 0.004514694 13.09788 225.3006 88.209
-0.8080189 1.521843 0.02207994 13.11861 227.1525 88.57264
-0.8006363 1.525419 0.03917146 12.89338 229.019 88.92651
-0.7931345 1.528389 0.05715418 12.65039 231.0398 89.24673
-0.7842901 1.531195 0.07436323 12.56804 233.4051 89.37356
-0.775743 1.533945 0.091959 12.68165 235.6786 89.52879
-0.7654476 1.536376 0.1090643 13.00011 237.8251 89.79948
-0.7544105 1.538789 0.1254306 13.17226 239.5308 90.11176
-0.7424257 1.541788 0.141484 12.75682 241.064 90.25507
-0.7302158 1.545326 0.1579187 11.70621 242.9028 90.0684
-0.7182434 1.548886 0.1745772 10.83239 245.1802 89.84396
-0.7059643 1.552391 0.1912489 10.51229 248.2496 89.60175
-0.6929619 1.555578 0.2071371 11.1748 251.5129 89.81554
-0.6799192 1.558162 0.2232506 11.6862 254.2001 90.46044
-0.6648195 1.560801 0.2357392 11.71786 255.8953 90.83544
-0.650533 1.564653 0.2483294 11.11247 257.3345 90.84743
-0.6359067 1.569334 0.2590215 10.1522 258.4761 90.70107
-0.6218443 1.573869 0.2699292 9.66294 260.283 90.61897
-0.6080232 1.57805 0.281436 9.290525 262.4927 90.66034
-0.5942533 1.583093 0.2911997 8.099829 264.7628 90.5496
-0.5805995 1.589369 0.3004136 6.128352 266.4013 90.14477
-0.5668294 1.595081 0.3099651 4.386929 268.0751 89.90968
-0.5530841 1.599841 0.3196349 3.177116 270.0538 89.80006
-0.5409083 1.602363 0.3270898 3.392838 273.0396 89.88878
-0.5290473 1.605708 0.3343668 3.363236 275.7275 89.90732
-0.5178504 1.608164 0.3420281 3.099689 278.1575 89.67188
-0.5130138 1.609008 0.3454816 3.084095 279.7493 89.14822
-0.5095954 1.60939 0.3475785 3.425498 281.0517 89.75174

-0.6003165 1.483591 -0.4921155 0.01718107 178.2086 73.83584
-0.5977719 1.483318 -0.4904656 0.2044751 177.1676 74.25409
-0.5951095 1.483322 -0.4882102 0.6539003 176.39 74.46421
-0.5921805 1.482147 -0.4857774 1.414762 175.275 74.97158
-0.5894008 1.480952 -0.4839635 2.005152 174.1037 76.21525
-0.5884254 1.479994 -0.4812055 2.439648 173.8295 77.05833
-0.5873551 1.479503 -0.4782507 2.735967 173.8918 77.55727
-0.5876627 1.480062 -0.4740536 2.478498 174.4518 77.1943
-0.5867422 1.479641 -0.470063 2.258417 174.4904 77.05391
-0.5857952 1.480577 -0.4649456 1.761671 174.4425 76.5216
-0.5853012 1.481853 -0.4585614 1.116708 174.1568 76.44408
-0.5840464 1.482362 -0.4525139 0.5451068 174.0174 76.61566
-0.5831869 1.483725 -0.4444704 359.938 173.7651 76.85011
-0.582597 1.484403 -0.4365096 359.7083 173.5422 77.46612
-0.5816336 1.485246 -0.4281614 359.5156 173.4532 78.1912
-0.5817034 1.485503 -0.4187791 359.5709 173.5364 79.03172
-0.5820596 1.485777 -0.4089048 359.5879 173.7782 79.59122
-0.5827103 1.486053 -0.3991573 359.4336 174.1273 80.0231
-0.5838594 1.48666 -0.3880186 359.1888 174.7922 80.16112
-0.5852177 1.48738 -0.3763716 358.872 175.5686 80.07852
-0.5874922 1.488016 -0.364563 358.6459 176.3762 80.0313
-0.5890782 1.48856 -0.3524199 358.508 177.1041 80.34723
-0.5908725 1.488601 -0.3381288 358.6581 177.8039 81.73561
-0.5931375 1.488644 -0.3249502 358.9222 178.4101 82.91875
-0.5946286 1.487959 -0.3101227 359.5406 178.7291 84.20679
-0.5949872 1.486842 -0.2942569 0.2339231 178.9831 84.97002
-0.5974042 1.486709 -0.2791717 0.8943428 179.5172 85.72928
-0.5994632 1.485634 -0.2622185 1.805538 180.4349 86.44027
-0.600244 1.484071 -0.2442372 2.656702 181.4946 86.9529
-0.6029785 1.483193 -0.2262344 3.734316 182.5923 87.71577
-0.6049984 1.482083 -0.2079303 4.801109 183.7775 88.88427
-0.6059086 1.480878 -0.1875484 6.04004 184.8891 89.63792
-0.6067405 1.479938 -0.1677971 7.233728 185.9273 90.02265
-0.607559 1.479169 -0.1478899 8.35521 187.2264 90.60576
-0.6078322 1.478542 -0.1268394 9.504148 188.9251 90.92503
-0.6084759 1.478198 -0.1062384 10.62676 190.5374 91.05329
-0.6082408 1.477974 -0.08462954 11.90009 192.4466 91.38343
-0.6071124 1.477807 -0.06260109 13.33295 194.4802 91.87286
-0.6060941 1.478173 -0.04076028 14.90007 196.5221 92.65071
-0.6048479 1.478655 -0.01872396 16.26128 198.6735 93.5583
-0.6022899 1.48094 0.002983809 17.10452 201.4869 93.80915
-0.6001778 1.483569 0.02417421 17.83481 203.9432 93.6132
-0.5964525 1.487153 0.04525757 18.29218 206.3962 93.51296
-0.5925081 1.4912 0.06580496 18.83101 209.0212 94.35521
-0.5882599 1.495718 0.08655429 19.51874 212.0004 95.40324
-0.5835202 1.499877 0.1078753 20.14989 214.9629 95.91895
-0.5776865 1.505513 0.127279 20.66699 218.3496 96.92509
-0.5714264 1.510664 0.1477337 21.16726 221.7096 98.14072
-0.5648899 1.516595 0.1661656 21.51257 225.5362 99.02322
-0.5566845 1.522754 0.1849465 21.44121 229.2527 99.3977
-0.547169 1.529028 0.2031922 21.11746 232.7344 100.3572
-0.5390263 1.535599 0.2200606 20.89967 236.3787 101.5649
-0.52759 1.54157 0.2356718 20.64861 240.6051 102.7441
-0.5161283 1.546941 0.2526433 20.5653 244.5387 103.6943
-0.5043318 1.552323 0.268285 20.37127 248.3549 104.5569
-0.4919593 1.558237 0.2786515 19.37976 252.0091 104.6659
-0.4788187 1.563511 0.2925541 18.12792 255.7515 105.0356
-0.4666538 1.569136 0.3031559 16.50847 259.6487 105.398
-0.4551985 1.573375 0.3118987 15.58926 263.6472 105.4692
-0.443265 1.577325 0.3212276 15.02289 267.3283 105.4136
-0.4342692 1.579018 0.3270638 14.494 270.329 105.236
-0.4290774 1.580455 0.3304892 12.9953 272.2586 104.9763
-0.4283888 1.581103 0.3317382 10.97066 273.0391 105.2036
-0.4282129 1.580243 0.3292615 9.939106 272.2153 104.1218
-0.4256382 1.5778 0.3234131 10.43341 269.878 102.2617

-0.4806092 1.437415 -0.4762387 359.883 181.04 69.77731
-0.4800935 1.43744 -0.4749105 359.7217 180.3426 70.57087
-0.4776051 1.437217 -0.4728413 359.4919 178.7177 71.58522
-0.4757743 1.437269 -0.4708304 359.1118 177.4964 72.47527
-0.4755824 1.438072 -0.4694116 358.595 176.9733 72.87373
-0.4760706 1.43829 -0.4667461 358.1473 176.9693 72.97871
-0.4768736 1.438228 -0.4637411 357.9982 177.0337 72.9869
-0.4780204 1.437757 -0.4604168 357.8705 177.0466 73.00819
-0.4800131 1.437019 -0.4555299 357.8714 177.5098 72.78408
-0.4813082 1.436825 -0.450727 357.5791 177.3762 72.86664
-0.4829023 1.436386 -0.4452367 356.9798 177.1446 73.29935
-0.4839244 1.436477 -0.4394784 356.3387 176.9397 73.68114
-0.4857862 1.436964 -0.4318919 355.4763 176.8982 74.33685
-0.4874842 1.437 -0.4249268 354.8624 177.0103 75.19684
-0.4894385 1.436783 -0.4167809 354.4216 177.0219 76.44009
-0.4905841 1.435945 -0.4080718 354.0815 176.9807 77.87455
-0.4924333 1.43574 -0.3993979 353.7083 176.9809 79.08256
-0.4938924 1.434508 -0.3894539 353.6395 176.8286 79.84174
-0.4945657 1.432671 -0.3790362 353.8215 176.5395 80.32719
-0.4967742 1.431103 -0.3682861 354.1577 176.3999 81.41075
-0.49859 1.429251 -0.3567691 354.4348 176.4601 83.47566
-0.4996219 1.427058 -0.3443427 354.719 176.3908 85.91742
-0.5019968 1.42479 -0.3323328 355.0411 176.3424 87.66293
-0.5038216 1.422297 -0.3188145 355.6647 176.5053 88.6713
-0.5051391 1.419143 -0.3044965 356.4926 176.7998 89.37547
-0.5075128 1.415758 -0.2908447 357.2492 177.1393 90.22318
-0.5091293 1.412188 -0.2750492 358.388 177.6517 90.04774
-0.510206 1.408887 -0.2591338 359.5188 178.2699 90.37097
-0.5126355 1.405441 -0.2438815 0.6047134 179.0684 91.31357
-0.5139153 1.402104 -0.2271411 1.889732 180.031 92.59687
-0.5147798 1.398988 -0.2101293 3.137554 180.6622 93.47199
-0.5158682 1.396137 -0.1935608 4.250942 181.0793 94.17495
-0.5155244 1.393395 -0.1757505 5.372169 181.3429 94.81572
-0.5144427 1.390527 -0.1573913 6.612849 181.7744 95.00763
-0.5141876 1.38828 -0.1393075 7.867758 182.5182 94.97286
-0.5146244 1.385899 -0.1204772 9.246811 183.8441 94.30812
-0.5146458 1.383146 -0.1017718 10.63359 185.0967 94.32243
-0.5153189 1.380751 -0.08261061 12.20982 186.8734 94.29034
-0.5160029 1.37878 -0.06334186 13.68179 188.8444 93.91549
-0.51671 1.377513 -0.04380941 14.94394 190.7104 93.35632
-0.5165355 1.376055 -0.02451444 16.16106 192.4475 92.79263
-0.5158777 1.375981 -0.005611658 17.38917 194.5694 92.19373
-0.515368 1.375818 0.01345038 18.77411 196.4756 91.9545
-0.5139451 1.375844 0.0325017 20.24508 198.2651 91.80101
-0.5120907 1.37625 0.05140591 21.82299 200.0505 91.90919
-0.5098169 1.377086 0.0698545 23.43932 202.0812 92.24996
-0.5074348 1.378537 0.08881044 25.00969 204.1436 92.40083
-0.5051014 1.381039 0.1068504 26.29809 206.5482 92.63401
-0.5027497 1.384168 0.1258824 27.3089 209.5646 93.19612
-0.5006151 1.387824 0.1448202 28.32902 213.382 93.98853
-0.4978321 1.392113 0.1635482 29.30542 217.3967 94.9874
-0.4954202 1.397624 0.1808255 30.37983 220.953 96.23148
-0.490499 1.402302 0.1991148 31.40241 224.1523 97.56064
-0.4860251 1.408598 0.2152331 32.37467 227.4245 99.14651
-0.47945 1.414689 0.2322075 33.17002 231.1403 100.7471
-0.4722884 1.420695 0.2497628 33.72976 235.1584 102.2075
-0.4659369 1.428735 0.2635732 33.83032 239.8366 103.3203
-0.4579141 1.436655 0.2772276 33.52161 245.2585 105.006
-0.4491222 1.443369 0.2924201 33.15305 250.1567 106.9199
-0.440933 1.450768 0.3054588 32.42844 254.9525 108.382
-0.4353917 1.458149 0.3109138 31.2182 259.1081 108.7802
-0.4277055 1.464516 0.3193557 30.32358 262.8605 109.5272
-0.4233363 1.469357 0.3222151 29.44842 265.2879 109.5698
-0.4217043 1.472971 0.3230953 28.41275 266.4377 108.847
-0.422915 1.475768 0.3221412 26.90262 266.5507 107.9115

-0.3682947 1.439945 -0.4588046 345.2679 169.8622 74.02183
-0.3675041 1.440096 -0.458375 345.2009 169.4278 74.55287
-0.3673449 1.440149 -0.4575484 345.2998 169.3576 74.5486
-0.3683568 1.440202 -0.4570639 345.5597 169.33 73.9301
-0.3685665 1.440047 -0.4564693 345.7745 169.2883 73.7506
-0.3687762 1.439835 -0.4550889 345.95 169.015 74.16929
-0.368819 1.439934 -0.4537194 345.9503 168.4794 74.9315
-0.3689754 1.439987 -0.4518881 345.9084 168.1187 75.43303
-0.3696131 1.440234 -0.4491162 345.7339 167.7587 75.82138
-0.3704886 1.440756 -0.4464042 345.5458 167.3226 76.1542
-0.3715425 1.440843 -0.4426491 345.3568 166.9481 77.14711
-0.3736674 1.440752 -0.4384236 345.0922 166.8929 78.59606
-0.3769965 1.440773 -0.434032 344.815 167.2995 79.24026
-0.3802423 1.440383 -0.4291272 344.7845 167.7927 79.37372
-0.3848288 1.439436 -0.423203 345.1906 168.5803 79.42581
-0.389452 1.43792 -0.4164495 345.8945 169.1252 80.4845
-0.3942611 1.435873 -0.4100494 346.5743 169.4076 81.95883
-0.3983512 1.433844 -0.4016688 347.4585 169.5126 84.15507
-0.4018576 1.432408 -0.3917756 348.0345 169.589 86.06073
-0.4074175 1.431575 -0.3832271 348.4398 169.7414 87.51817
-0.4113672 1.430443 -0.3733864 348.7284 169.9363 88.86875
-0.4148691 1.429095 -0.3621337 349.0252 170.306 89.76945
-0.4198053 1.4278 -0.3507791 349.5701 170.7525 90.4143
-0.42361 1.42567 -0.3384211 350.4946 171.1981 91.34488
-0.4267502 1.422892 -0.3253081 351.8833 171.7051 92.92039
-0.4314892 1.420273 -0.3130059 353.2045 172.3004 94.68497
-0.4341099 1.416812 -0.2981358 354.9504 172.7015 96.21649
-0.4361417 1.413966 -0.2836909 356.3987 173.0305 97.11391
-0.4393938 1.410591 -0.268801 358.2168 173.5657 97.80888
-0.442085 1.406844 -0.2529252 0.1836799 174.4524 98.54062
-0.4446344 1.403145 -0.2365558 2.21917 175.7165 99.12286
-0.4484668 1.399898 -0.2208548 3.975514 177.1215 99.59293
-0.451786 1.39768 -0.2040935 5.322519 179.0707 99.40475
-0.4548132 1.397251 -0.1867518 6.199021 181.1882 98.89871
-0.4578326 1.395617 -0.1699953 7.497429 182.8435 99.23801
-0.4604018 1.395043 -0.1520503 8.600828 184.7891 99.96973
-0.4631097 1.395179 -0.1331506 9.759996 187.0444 100.3717
-0.4646964 1.395414 -0.1144056 11.02405 189.2944 99.83096
-0.4667044 1.395872 -0.09538913 12.1767 191.8812 99.27542
-0.4683149 1.39676 -0.07590008 13.35142 194.3962 99.37952
-0.4690592 1.39818 -0.05606055 14.49723 196.9232 99.70369
-0.4701204 1.399611 -0.03616238 15.48964 199.5539 100.0523
-0.4695451 1.402589 -0.01629543 16.0091 202.2573 100.2705
-0.4694364 1.404831 0.003585339 16.76432 204.6486 100.4844
-0.4666307 1.409023 0.0226624 17.04842 206.5627 100.76
-0.4635732 1.412008 0.04226112 17.74035 209.1605 100.9571
-0.462363 1.416483 0.06172729 18.52105 211.974 101.0827
-0.4599817 1.420242 0.08198643 19.35215 215.294 101.1971
-0.4570205 1.424353 0.1011639 20.23089 218.7358 101.6025
-0.4527457 1.42849 0.1203651 21.03937 221.5809 101.7896
-0.4479175 1.432927 0.13943 21.73722 224.3063 101.9713
-0.4422147 1.439397 0.1555963 22.14512 226.8606 101.9768
-0.4359376 1.444917 0.1736801 22.44494 229.5259 102.0258
-0.4292779 1.451095 0.1914933 22.55429 232.2956 102.2577
-0.4225962 1.458986 0.2073774 22.28732 236.0746 103.0136
-0.4149597 1.466188 0.2249007 22.36991 239.7658 103.481
-0.4059479 1.473577 0.2413037 22.53942 243.5669 103.9547
-0.3973098 1.481656 0.2553072 22.98716 246.9618 104.9062
-0.3862684 1.489494 0.2693598 23.15511 250.4105 105.7431
-0.3751799 1.498027 0.2824419 22.64694 254.1783 106.4828
-0.3651795 1.507242 0.295203 21.87449 258.0744 107.3679
-0.3529116 1.516435 0.30762 20.28767 262.3256 108.2494
-0.3408737 1.525778 0.3175042 18.31173 266.5749 108.5974
-0.3303032 1.534524 0.3250098 16.59979 270.58 108.696

-0.5608814 1.463446 -0.496623 359.0613 176.3387 77.83985
-0.5597703 1.462801 -0.4954276 359.4062 175.9885 78.24866
-0.5594001 1.461946 -0.4956419 359.7929 175.8633 78.61707
-0.5600984 1.46037 -0.4958546 0.05479307 175.993 78.80575
-0.5608442 1.46015 -0.4951792 0.09858017 175.9144 79.00757
-0.5604212 1.459724 -0.4948702 0.2052769 175.6563 79.26585
-0.5598438 1.459038 -0.4945855 0.2055755 175.1046 79.29768
-0.5591638 1.458823 -0.4937384 0.1829222 174.6292 78.91232
-0.5586684 1.458504 -0.4930437 0.03310294 174.2837 78.77642
-0.5577595 1.458608 -0.4919095 359.4422 174.0053 79.12019
-0.5581458 1.459059 -0.4909408 358.8572 173.8978 79.3849
-0.5572793 1.459053 -0.4891212 358.4758 173.8115 79.42313
-0.5576894 1.458527 -0.4871228 358.3176 173.8393 79.19556
-0.5583999 1.457602 -0.4844182 358.3773 173.8888 78.94862
-0.5589774 1.456964 -0.4818027 358.2477 173.9289 78.96204
-0.5595241 1.456316 -0.4780843 358.0037 173.9825 79.43267
-0.5604341 1.455866 -0.4739144 357.7392 173.9012 79.97507
-0.5611486 1.45514 -0.4696112 357.5331 173.8191 80.48325
-0.5619643 1.454362 -0.4639499 357.3358 173.7029 81.18294
-0.5627134 1.453633 -0.4575536 357.0969 173.6603 81.97479
-0.5639777 1.452908 -0.4502375 356.9023 173.6142 82.76947
-0.5650718 1.452045 -0.4427748 356.743 173.5833 83.48146
-0.5665154 1.451103 -0.433933 356.6292 173.7183 84.15377
-0.5685048 1.450061 -0.4240701 356.5792 173.9866 84.89817
-0.5710232 1.449146 -0.4134402 356.5028 174.2684 85.96318
-0.5730441 1.448179 -0.4018974 356.3375 174.6131 86.85867
-0.575923 1.447481 -0.3906133 356.1098 175.0278 87.56952
-0.5784981 1.446876 -0.3773565 355.8618 175.5938 87.94067
-0.5805688 1.446007 -0.3632793 355.6691 176.2943 88.0527
-0.5832598 1.44538 -0.3494277 355.4986 177.0796 88.32722
-0.5864201 1.444766 -0.3342042 355.4627 177.9965 88.78931
-0.5880468 1.443579 -0.3172641 355.6903 178.9743 89.18256
-0.5907602 1.442906 -0.3016334 355.899 179.8247 89.3961
-0.5925775 1.441773 -0.2844319 356.469 180.7045 90.08127
-0.5930731 1.439901 -0.2663889 357.2909 181.5611 91.39473
-0.5946631 1.438506 -0.248512 358.1516 182.4041 92.74469
-0.5964363 1.43701 -0.2297602 359.3918 183.3106 94.26048
-0.5960817 1.435203 -0.2098951 0.6811948 184.2533 95.24551
-0.5967767 1.434118 -0.1903944 1.898401 185.2434 96.01147
-0.5971956 1.43322 -0.1706922 2.84915 186.4631 96.76648
-0.5964851 1.433696 -0.1503174 3.400906 188.4322 96.5864
-0.5968742 1.434087 -0.1306527 4.018991 190.2104 96.72721
-0.5961173 1.435428 -0.1105313 4.491525 191.9344 96.9223
-0.5944586 1.43678 -0.09036398 5.158575 193.3449 97.82708
-0.5923157 1.438406 -0.0705862 5.950246 194.8078 98.50618
-0.590158 1.439725 -0.05077672 6.69851 196.3627 98.9672
-0.5867682 1.441236 -0.03117394 7.562176 198.1112 99.0892
-0.5840464 1.443404 -0.01229906 8.669535 199.8882 99.51904
-0.5810573 1.444968 0.007138729 9.792216 201.7043 100.0395
-0.5773661 1.447028 0.0257566 11.11566 204.0738 100.1292
-0.5746424 1.449486 0.04431272 12.13679 206.3011 100.2712
-0.5709839 1.45217 0.06276464 12.99469 208.7387 100.403
-0.5671937 1.455053 0.08105159 13.9076 211.3721 100.7112
-0.5638201 1.458199 0.09840274 14.9746 214.1362 101.3873
-0.5594966 1.460868 0.116802 16.06911 216.8447 102.0469
-0.5551348 1.464264 0.1327672 17.29223 219.8921 102.3117
-0.549845 1.467132 0.1501379 18.4648 222.6426 102.5456
-0.5436027 1.470033 0.1665854 19.97316 225.2807 103.0631
-0.5377045 1.472678 0.1827996 21.80713 228.0007 104.0314
-0.5304558 1.47502 0.2006335 23.41712 230.9492 104.6516
-0.5227728 1.477515 0.2184005 24.73968 234.6428 104.5466
-0.5155363 1.48115 0.2352278 25.63548 239.0585 104.3958
-0.5067766 1.484734 0.2524624 26.41986 243.9958 104.6124
-0.4980049 1.488503 0.2683718 27.13523 248.8966 105.1514
-0.4907191 1.493366 0.2805843 27.52312 253.7918 105.7659
-0.4811909 1.498536 0.2914095 27.23457 257.4194 105.8909
-0.4730437 1.503495 0.2995844 26.12553 260.0319 105.8423
-0.4670675 1.507766 0.3062208 24.98324 262.4757 105.0984
-0.4607832 1.512232 0.3137772 24.33244 265.2458 103.9945
-0.4571109 1.514367 0.3183556 23.86096 267.5667 102.2573
-0.4543784 1.515081 0.3215449 23.4956 269.9195 101.0436

-0.6582162 1.518771 -0.4846091 359.6972 176.8466 83.60766
-0.6576939 1.518383 -0.4842727 359.7977 176.7864 83.96114
-0.6571975 1.517915 -0.4836054 359.8787 176.6871 84.07518
-0.6560256 1.517496 -0.4838166 359.9386 176.408 83.51877
-0.6548827 1.51689 -0.4829719 -0.004407607 175.8828 83.05868
-0.6523569 1.516186 -0.4818525 359.921 174.7623 83.0686
-0.6502342 1.515762 -0.4804864 359.64 173.8399 83.14896
-0.6491139 1.515541 -0.478574 359.2679 173.748 83.12772
-0.6490495 1.515393 -0.4768856 359.033 173.8463 82.99602
-0.6495445 1.514981 -0.4735167 358.8751 174.1158 82.92908
-0.6493008 1.514096 -0.4688416 358.9216 174.0386 83.23144
-0.6498642 1.51313 -0.4635804 358.9536 173.8475 83.55399
-0.6509025 1.511719 -0.4569771 359.1176 173.8934 83.79804
-0.6525571 1.509884 -0.4492605 359.3642 174.238 83.85538
-0.6541052 1.508322 -0.4416406 359.6103 174.5464 84.05877
-0.6571236 1.506426 -0.4306986 0.02852437 175.0194 84.78829
-0.6597271 1.504579 -0.4209893 0.2637636 175.3832 85.43733
-0.6627395 1.503103 -0.4079964 0.3269986 176.0053 86.18433
-0.6655984 1.501867 -0.396282 0.3279751 176.5367 86.70052
-0.6690075 1.500995 -0.3828578 0.06789647 177.2229 86.89918
-0.6713948 1.499729 -0.3687572 359.8142 178.1492 86.42104
-0.6746273 1.498604 -0.3548465 359.6826 179.1283 86.07123
-0.6780746 1.497532 -0.3396292 359.6685 180.3324 85.76217
-0.6801646 1.49533 -0.3235955 359.9875 181.3192 86.1486
-0.6828845 1.493221 -0.3071206 0.497295 182.2289 86.92651
-0.6857309 1.491052 -0.2903953 1.084764 183.2582 87.72205
-0.6872351 1.488501 -0.2728906 1.65225 184.5267 88.21839
-0.6894956 1.486512 -0.2557211 2.177535 185.8188 88.53674
-0.6912439 1.484518 -0.2380743 2.805167 187.1767 88.83073
-0.6909468 1.482244 -0.219928 3.365708 188.303 88.91823
-0.6917546 1.480292 -0.2022984 3.958353 189.4391 89.07815
-0.6910574 1.478409 -0.183835 4.796757 190.6655 89.52722
-0.6899979 1.475893 -0.1653559 5.664909 191.9291 90.15742
-0.6886792 1.473865 -0.146771 6.71882 193.054 90.88548
-0.6876318 1.472558 -0.1288605 7.594792 194.2988 91.48316
-0.6853769 1.471574 -0.1104012 8.059745 195.9283 91.45434
-0.6838124 1.471157 -0.09219337 8.336835 197.6233 91.10343
-0.682852 1.472554 -0.07506061 8.286866 199.7822 90.12509
-0.6812172 1.473653 -0.05732298 8.365973 202.0284 89.78294
-0.6788471 1.475209 -0.04010081 8.667411 203.8615 90.24741
-0.6755073 1.475884 -0.02223778 9.091681 205.4767 90.95913
-0.6701546 1.476936 -0.005193949 9.69949 206.6773 91.93832
-0.666754 1.478853 0.01131105 10.1456 208.2021 92.27516
-0.6617177 1.480364 0.02844644 10.57595 209.9977 92.20757
-0.6568813 1.481908 0.04551363 11.15419 212.3429 91.92186
-0.6521473 1.483377 0.06332827 11.80702 214.9424 91.6132
-0.6469097 1.485054 0.0816319 12.37769 217.8271 91.25511
-0.6422253 1.487517 0.09962726 12.8535 220.5094 91.03996
-0.6354508 1.489704 0.1186323 13.32253 223.3724 91.17603
-0.6283062 1.491129 0.1376972 13.82048 226.2445 91.47631
-0.6206536 1.493645 0.1560633 14.52911 230.2003 91.59673
-0.6118026 1.495687 0.1747179 15.05669 234.3277 90.99737
-0.6025755 1.497693 0.1933303 15.302 238.3652 90.50172
-0.5936532 1.500775 0.2096126 15.04859 242.6362 90.00035
-0.5833995 1.503221 0.2263801 14.80713 246.6517 89.32104
-0.5716593 1.506051 0.2398248 13.79778 250.2755 87.79122
-0.5610938 1.508875 0.2538981 13.06961 253.797 86.86929
-0.5498321 1.512397 0.2659698 11.8805 257.3294 86.3267
-0.5389988 1.514784 0.2769268 10.85395 260.8031 86.1578
-0.5287364 1.516025 0.2860126 10.24447 264.1172 86.33437

-0.7544799 1.519825 -0.4851274 3.728826 174.8458 80.33029
-0.7535129 1.519467 -0.4839535 3.601933 174.3635 79.16264
-0.7532105 1.518699 -0.4831996 3.401067 174.0311 78.6031
-0.7526619 1.518754 -0.482492 3.002501 173.4882 78.51614
-0.7523105 1.519039 -0.480408 2.385894 173.0315 78.56136
-0.7518773 1.518873 -0.4780056 1.880999 172.8672 78.46484
-0.753648 1.519402 -0.4744363 1.474083 173.3005 78.14199
-0.7552757 1.519747 -0.4716551 1.295647 173.5964 78.05781
-0.7572138 1.519619 -0.4669762 1.368317 174.0108 78.40345
-0.7588856 1.51946 -0.461328 1.527002 174.2478 78.82201
-0.760556 1.518943 -0.4548438 1.790397 174.5299 79.1293
-0.7624235 1.518808 -0.4476299 2.006622 174.8856 79.1921
-0.7641878 1.51883 -0.4397316 2.064285 175.3621 79.35773
-0.766371 1.519114 -0.4318404 2.069848 175.8999 79.5351
-0.7689877 1.519489 -0.4226954 1.990345 176.5756 79.85658
-0.7703021 1.519524 -0.4134202 1.91902 177.1302 80.24342
-0.7725139 1.520438 -0.4023771 1.674559 177.6927 80.7152
-0.7746987 1.521207 -0.3922153 1.496405 178.3974 80.97317
-0.7774191 1.521962 -0.3812072 1.35227 179.4844 81.02131
-0.7789993 1.521748 -0.369638 1.422123 180.7714 80.77248
-0.7815173 1.522269 -0.358238 1.750688 181.8639 80.71886
-0.7828729 1.522069 -0.346364 2.014311 182.7134 81.0358
-0.7838578 1.521967 -0.333739 2.37156 183.3547 81.66385
-0.7859886 1.52226 -0.3220506 2.461824 184.1646 82.01582
-0.7862244 1.522017 -0.3090491 2.376493 185.3642 82.28105
-0.7879279 1.522539 -0.2962492 2.279613 186.861 82.19505
-0.7907355 1.523708 -0.2843065 2.297968 188.4856 81.87301
-0.7916732 1.523777 -0.2713795 2.400008 189.8931 81.79179
-0.7919848 1.52393 -0.2583148 2.507032 191.1039 81.77875
-0.7929065 1.524806 -0.2460821 2.554256 192.1488 81.94618
-0.7920725 1.52494 -0.2327452 2.564093 192.9497 82.31461
-0.7914898 1.525167 -0.2193122 2.50666 194.0404 82.6422
-0.7917814 1.525782 -0.2061286 2.698503 195.6318 82.66437
-0.7908216 1.525241 -0.1927757 3.161382 197.4106 82.54882
-0.7901747 1.525017 -0.1795278 3.713664 198.9851 82.49187
-0.7891183 1.525052 -0.1663444 4.091322 200.3077 82.58882
-0.7872488 1.525351 -0.1532874 4.363007 201.4965 82.88696
-0.7850564 1.525952 -0.140213 4.276948 202.7656 83.17068
-0.7827613 1.527097 -0.1272514 4.091558 204.0411 83.18601
-0.7801507 1.528098 -0.1143806 4.068563 205.3913 83.2617
-0.7773042 1.529176 -0.1014006 4.088531 206.6719 83.35854
-0.7739875 1.530557 -0.08802795 4.067762 207.9882 83.44154
-0.7705386 1.532072 -0.07492971 3.913593 209.4736 83.24741
-0.767185 1.533472 -0.06169343 3.813215 210.9898 83.12505
-0.7635567 1.53492 -0.04872441 3.736754 212.5408 82.99385
-0.7595284 1.536318 -0.03598785 3.786534 213.9665 83.05701
-0.755724 1.537739 -0.02327037 3.885001 215.29 83.23985
-0.7504511 1.538886 -0.01042533 3.963923 216.5512 83.5517
-0.7454104 1.540457 0.00188303 4.077396 217.8815 83.64883
-0.7403262 1.542059 0.01450801 4.292117 219.3145 83.55466
-0.7350557 1.543279 0.02771282 4.494215 220.8349 83.5379
-0.7299576 1.544973 0.04066372 4.765434 222.6181 83.68511
-0.7246766 1.546759 0.05379295 5.060565 224.478 83.78519
-0.7187762 1.548361 0.06695676 5.381499 226.2903 84.01572
-0.7130587 1.5504 0.07948637 5.75944 228.028 84.30555
-0.7068217 1.552223 0.09217024 6.058714 229.78 84.4535
-0.7006903 1.554935 0.1037359 6.149792 231.5367 84.42361
-0.6942995 1.558255 0.1149256 5.844325 233.2166 84.36222
-0.6878407 1.562316 0.1255393 5.161623 234.8185 84.32707
-0.681031 1.566811 0.1360297 4.244227 236.345 84.42812
-0.6742046 1.570849 0.1466177 3.530807 237.8899 84.50172
-0.6673911 1.575683 0.1562617 2.617915 239.3795 84.62998
-0.6601765 1.580854 0.1659172 1.8693 240.9211 84.89441
-0.6530812 1.584929 0.1756549 1.365588 242.5726 85.11883
-0.6458673 1.589184 0.1853466 0.8564215 244.3382 85.15055
-0.6389396 1.593252 0.1948752 0.2680637 246.1093 85.16341
-0.6319759 1.596956 0.2041085 359.5995 247.9093 85.14148
-0.6253204 1.600194 0.2129159 358.9784 249.7714 84.90884
-0.6193748 1.603304 0.2208431 358.4532 251.7209 84.43471
-0.6137178 1.605875 0.2288296 357.9073 253.7616 83.89837
-0.608346 1.608493 0.2362037 357.3957 255.7758 83.53536

-0.5276127 1.477343 -0.4876165 357.4144 177.8788 70.15456
-0.5262489 1.477521 -0.4854708 356.8048 177.1807 70.69691
-0.5242653 1.477642 -0.4838922 356.586 175.9564 71.73095
-0.5226119 1.477105 -0.4820471 356.5483 175.1602 72.04556
-0.5225115 1.476611 -0.4811819 356.6443 175.0812 72.01552
-0.522418 1.476823 -0.4786863 356.6617 175.1273 72.30967
-0.5237529 1.476279 -0.4755559 356.7242 175.4671 72.81032
-0.5249245 1.475567 -0.4720042 356.8435 175.8073 73.42593
-0.5266075 1.474827 -0.4681704 356.841 175.9597 74.05185
-0.5280545 1.475044 -0.4633431 356.545 176.0005 74.61753
-0.5290492 1.475332 -0.4585927 356.1122 176.0306 75.23395
-0.5308645 1.476319 -0.4529717 355.2986 176.004 75.96136
-0.5320885 1.477404 -0.4465492 354.4907 175.886 76.4749
-0.5331457 1.478653 -0.4396214 353.8276 175.7207 77.01713
-0.5345118 1.479576 -0.4320796 353.2166 175.5246 77.84683
-0.5357535 1.480313 -0.424799 352.6797 175.3652 78.84537
-0.5375597 1.480923 -0.4161949 352.161 175.417 80.28451
-0.5395651 1.481233 -0.4072618 351.8737 175.5772 81.46709
-0.5408623 1.480894 -0.398077 351.9294 175.4768 82.13311
-0.5417607 1.48034 -0.3884034 352.0362 175.0728 82.80392
-0.5426352 1.479592 -0.3787827 351.9351 174.5979 83.64101
-0.5431402 1.479276 -0.3681567 351.9912 174.0417 84.43641
-0.5440335 1.478782 -0.3572538 352.0987 174.104 85.7366
-0.5465696 1.477839 -0.3466694 352.2326 174.7931 87.18045
-0.5482671 1.477038 -0.3356962 352.4597 175.1943 88.12755
-0.5497015 1.475216 -0.3238976 353.2538 175.6026 88.29915
-0.5509131 1.473153 -0.3123734 354.2642 175.6472 88.54829
-0.551517 1.470834 -0.300385 355.3081 175.7693 89.269
-0.5523062 1.467807 -0.2880952 356.9239 175.966 90.20215
-0.5536754 1.464739 -0.2758634 358.5629 176.2037 91.09684
-0.5536926 1.461141 -0.2625003 0.6903235 176.5181 92.47572
-0.5542529 1.458071 -0.2489555 2.62038 176.6966 93.92194
-0.5551281 1.455297 -0.2353454 4.24484 176.6633 95.18571
-0.5548062 1.452981 -0.2213559 5.612823 176.7871 96.04529
-0.5548301 1.452229 -0.2066579 6.191912 177.2224 95.44292
-0.5552087 1.452154 -0.1920218 6.738917 177.8879 95.00403
-0.5561955 1.451352 -0.1772668 7.52469 178.5288 95.26617
-0.5574803 1.450883 -0.1618369 8.287374 179.4667 95.5602
-0.5581667 1.45074 -0.1455479 9.264181 180.6735 95.85948
-0.560215 1.450441 -0.1292403 10.2566 182.1495 96.07005
-0.5615695 1.450636 -0.1127975 11.23931 183.5962 96.1012
-0.5634887 1.451032 -0.09589434 12.23187 185.3158 95.97282
-0.5652609 1.452066 -0.07877111 13.08178 187.0327 95.76933
-0.5666671 1.453468 -0.06155634 13.86121 188.7809 95.82705
-0.5682666 1.455355 -0.04411983 14.61671 190.6445 96.52089
-0.5691004 1.457392 -0.02640772 15.25922 192.6889 97.29552
-0.5703685 1.459792 -0.009010315 15.85957 194.8612 97.92687
-0.5713029 1.463073 0.0081563 16.41077 197.366 98.46186
-0.5714531 1.465776 0.02584004 17.00856 199.7946 99.06313
-0.5715549 1.469613 0.04293847 17.6336 202.5838 100.2085
-0.5715408 1.47298 0.06031442 18.18802 205.2663 101.3564
-0.5714622 1.477477 0.07608604 18.64989 208.0671 102.5492
-0.5688832 1.481667 0.09216762 18.93328 210.4241 103.5199
-0.5657768 1.486062 0.1074996 19.01139 212.2756 104.4017
-0.5624046 1.49073 0.1214142 18.91629 214.1312 104.8639
-0.5592601 1.495065 0.1365099 18.90545 216.508 105.4021
-0.5559781 1.499086 0.1512365 19.17636 219.9355 106.1203
-0.5531442 1.503099 0.1656733 19.644 223.4178 106.8776
-0.5481639 1.506312 0.180167 20.52071 227.0453 107.2398
-0.5425007 1.510073 0.1950662 20.93921 229.8298 107.8342
-0.5373497 1.51526 0.2080369 20.93114 232.327 108.5992
-0.5303819 1.520023 0.2214963 20.33994 235.3606 109.1039
-0.5239079 1.525555 0.2335477 19.57129 239.0408 109.3398
-0.5181558 1.53089 0.2449892 19.14768 242.7335 109.7352
-0.5108693 1.535723 0.2552276 18.79918 246.2458 110.3756
-0.5023587 1.540171 0.2625401 18.54631 248.6017 110.9657
-0.4954333 1.544717 0.2704809 18.05654 250.9555 111.2766
-0.4876411 1.54897 0.2780015 17.3481 253.185 111.5152
-0.4814057 1.552886 0.2828574 16.37047 255.0565 111.4539
